0.005000000000000002	8.592260064050524e-8
0.005236854489797245	9.293854141974234e-8
0.005484928989461911	1.004493953178699e-7
0.005744755000936557	1.0847363066629419e-7
0.006016889203887954	1.1702350763410291e-7
0.006301914648398639	1.260866244536568e-7
0.006600442004157086	1.356755476799119e-7
0.00691311086882327	1.4573129588395197e-7
0.0072405911383726825	1.5626672511461458e-7
0.0075835844423546225	1.6717755532682755e-7
0.007942825647140266	1.7847788857163364e-7
0.00831908443038064	1.900468400623875e-7
0.00871316693004824	2.0190601571705459e-7
0.009125917471595234	2.1396746965796424e-7
0.009558220376928522	2.262615315372442e-7
0.010011001859077927	2.387759766878687e-7
0.010485232006616158	2.5153501827274744e-7
0.010981926862082762	2.646149461207616e-7
0.011502150598864613	2.780082733260739e-7
0.012047017801197638	2.918684504212572e-7
0.012617695852173835	3.06134487801981e-7
0.013215407434870572	3.21020642183128e-7
0.013841433151960366	3.3640306818896853e-7
0.014497114269414411	3.525404958778345e-7
0.015183855590177308	3.6926016780035104e-7
0.0159031284639706	3.8683057202627437e-7
0.016656473939673358	4.0508876155283044e-7
0.01744550606703384	4.242536968318142e-7
0.018271915354786318	4.4423681303295545e-7
0.019137472392581584	4.651749816158207e-7
0.020044031644492328	4.870604902244751e-7
0.02099353542221962	5.09962647391766e-7
0.02198801804651366	5.339410911664633e-7
0.023029610205725574	5.590034290431038e-7
0.02412054352082688	5.852812461271208e-7
0.025263155326678405	6.12710048099903e-7
0.026459893679792193	6.415074316494159e-7
0.027713322603315486	6.715240016183247e-7
0.02902612758047455	7.030765904290281e-7
0.030401121308247146	7.359247671467087e-7
0.031841249723592945	7.704756798354063e-7
0.03334959831515059	8.064346638089097e-7
0.03492939873392619	8.44221577705267e-7
0.036584035717136046	8.835981103735257e-7
0.03831705434003732	9.249251335137634e-7
0.040132167611285886	9.680766900228225e-7
0.0420332644280916	1.0132373378197044e-6
0.04402441790821725	1.060476123172138e-6
0.046109894116671726	1.1098512299827375e-6
0.04829416120579336	1.161581216769233e-6
0.05058189898831037	1.2155318043340527e-6
0.052978008963880975	1.272142066842179e-6
0.055487624820603744	1.3310929572730345e-6
0.05811612343399273	1.3929993623184557e-6
0.06086913638698312	1.4573932056442169e-6
0.06375256203565066	1.5250913554821357e-6
0.0667725781464949	1.595406770662345e-6
0.06993565513236182	1.6693473837595818e-6
0.07324856991536412	1.746158105249189e-6
0.07671842044650037	1.8268109205657952e-6
0.08035264091308196	1.910763492938207e-6
0.08415901766654778	1.9986840036009984e-6
0.08814570590479762	2.0904099375842e-6
0.09232124714477735	2.1862545856932317e-6
0.09669458752276164	2.2863797392843715e-6
0.10127509696153336	2.390819645492576e-6
0.10607258924553144	2.500039282288595e-6
0.11109734304697601	2.6137737411293176e-6
0.11636012394802064	2.732844964607264e-6
0.12187220750611064	2.8566171071210827e-6
0.1276454034119764	2.9863618417623274e-6
0.1336920807919978	3.1210195217952782e-6
0.14002519470918187	3.2622657126736764e-6
0.1466583139195025	3.408606923536268e-6
0.153605649943088	3.562055049905129e-6
0.16088208751253685	3.7210958067158577e-6
0.1685032164635963	3.8874875474005774e-6
0.17648536513653224	4.060316575507697e-6
0.18484563535975093	4.240599114023726e-6
0.19360193909062715	4.4281623902767786e-6
0.20277303679204228	4.623351765132741e-6
0.21237857762684567	4.8265776383846615e-6
0.2224391415563798	5.037645458579944e-6
0.23297628343323443	5.257534816116812e-6
0.2440125791827218	5.485435765628488e-6
0.2555716741720084	5.723012193102845e-6
0.267678333870536	5.9686782074579996e-6
0.2803584969102724	6.224928391746443e-6
0.29363933065947456	6.489286435922274e-6
0.30754928942902404	6.765042468240769e-6
0.32211817543606996	7.04906486387084e-6
0.3373772026555344	7.34484888932427e-6
0.35335906369637543	7.649665451954829e-6
0.37009799984578273	7.96593634345115e-6
0.38762987443147334	8.292512038410474e-6
0.4059922496592006	8.629962196035355e-6
0.4252244670901336	8.978703414115916e-6
0.4453677319305212	9.337820539107379e-6
0.4664652013142331	9.708915829953516e-6
0.4885620767673233	1.008981625883488e-5
0.5117057010527266	1.0483276080863286e-5
0.5359456596025657	1.088570595274594e-5
0.5613338867554082	1.1301197245574768e-5
0.5879247770260793	1.1724494658391252e-5
0.6157753016464133	1.2161193085992112e-5
0.6449451306266544	1.2604250550205444e-5
0.6754967605990129	1.3060481857473312e-5
0.7074956487172868	1.3521916309027993e-5
0.7410103528994304	1.3994898924757903e-5
0.7761126787135243	1.4473152302529885e-5
0.812877833221897	1.4959784611773173e-5
0.8513845861129493	1.545212935364315e-5
0.8917154384659568	1.5949158390500384e-5
0.9339567995103927	1.6451273670753142e-5
0.9781991717585328	1.695429346693495e-5
1.0245373449079234	1.7460727772141263e-5
1.073070598929201	1.796384110082831e-5
1.1239029167743653	1.8467322555172297e-5
1.1771432071612107	1.8962906800170952e-5
1.2329055379113023	1.945337633586505e-5
1.2913093803413378	1.9931903733307264e-5
1.3524798652315662	2.0396921892660337e-5
1.4165480509196597	2.0845963109808655e-5
1.4836512040944367	2.127113529592106e-5
1.5539330938910076	2.1675265154833286e-5
1.6275442999175287	2.2044257564355722e-5
1.7046425348734044	2.238492641044805e-5
1.7853929824502284	2.2679703206259184e-5
1.8699686512394016	2.293473176918191e-5
1.958550745404631	2.3133995143881653e-5
2.051329052913604	2.3278148517182313e-5
2.1485023521604187	2.33557836579628e-5
2.2502788378502454	2.336114662405455e-5
2.356876567058356	2.3286299796139537e-5
2.4685239264195027	2.312187069233313e-5
2.585460121448379	2.2860505670718407e-5
2.7079356890397337	2.2492649593884625e-5
2.836213034245984	2.200987822949304e-5
2.970566992482509	2.1404682187503997e-5
3.1112854183651044	2.0669926990815067e-5
3.258669802441225	1.9801273405148197e-5
3.413035917136205	1.879690574837886e-5
3.574714493298797	1.7659299443283362e-5
3.7440519287950167	1.639688264102258e-5
3.9214110306688426	1.5024288042996004e-5
4.107171792459712	1.3564656692303222e-5
4.301732208342248	1.2048979518374647e-5
4.505509125832503	1.0515022945652375e-5
4.718939138887698	9.005641901403702e-6
4.9424795233127945	7.563601707730851e-6
5.17660921647831	6.2281918522153925e-6
5.421829843448068	5.029755432526967e-6
5.678666791715539	3.9876094376586596e-6
5.947670336851607	3.1083001847909655e-6
6.229416821475043	2.387466038471861e-6
6.52450989007201	1.811788493315902e-6
6.833581782310025	1.3624959921858106e-6
7.15729468761741	1.0185176380271429e-6
7.496342163930238	7.585507191527121e-7
7.85145062364689	5.635057688720696e-7
8.223380889973317	4.167264691216351e-7
8.612929826993923	3.0540358037901515e-7
9.02093204696038	2.1990127190004398e-7
9.448261698456061	1.541442845210287e-7
9.895834339267791	1.0427659600050923e-7
10.364608897976852	6.786770240307928e-8
10.855589728472507	4.256334025286746e-8
11.36982876178962	2.5946211321986513e-8
11.908427759880807	1.549823399939244e-8
12.472540676151587	9.178008914466233e-9
13.063376127816637	5.39537961267792e-9
13.682199985373337	3.1379961024718515e-9
14.330338084741227	1.7674894499364685e-9
15.009179067877904	9.474311596124643e-10
15.720177357957507	4.791355276018359e-10
16.464856275485747	2.3249991260237955e-10
17.24481130202884	1.0998708804013522e-10
18.06171349854712	5.1617047977211427e-11
18.917313085659593	2.367768129401636e-11
19.813443193507318	1.0291130564328541e-11
20.752023789252455	4.1525986857781076e-12
21.735065790625185	1.592399946325121e-12
22.7646753743347	5.982403672026741e-13
23.84305848857238	2.1919013998433988e-13
24.97252557927571	7.523194576248265e-14
26.15549654028141	2.359923829424474e-14
27.39450589796979	7.156917802956467e-15
28.69220824151203	2.0903880326420537e-15
30.05138391035195	5.731726517956444e-16
31.47494495110945	1.4058040610945034e-16
32.96594135666772	3.4029942189097554e-17
34.527567600811736	7.552676937210108e-18
36.16316948241776	1.5516255880126492e-18
37.87625129385962	2.901572158789846e-19
39.67048332898748	5.292849717024742e-20
41.54970974676695	8.181718542807088e-21
43.51795680742576	1.2631384646996581e-21
45.5794414987542	1.6480436264491793e-22
47.73858057104035	2.07961195429734e-23
50.00000000000002	2.2539446268639434e-24
