# Matter power spectrum P(k) at redshift z=0
# for k=1.04213e-05 to 504.967 h/Mpc,
# number of wavenumbers equal to 739
#    1:k (h/Mpc)              2:P (Mpc/h)^3        
       1.042132540099e-05       4.837159131774e+01 
       1.066406925311e-05       4.945961742021e+01 
       1.091246733590e-05       5.057213089568e+01 
       1.116665135332e-05       5.170965570408e+01 
       1.142675607710e-05       5.287277761131e+01 
       1.169291941819e-05       5.406205394498e+01 
       1.196528249994e-05       5.527808291822e+01 
       1.224398973285e-05       5.652146675468e+01 
       1.252918889118e-05       5.779278502866e+01 
       1.282103119131e-05       5.909275388648e+01 
       1.311967137188e-05       6.042193922857e+01 
       1.342526777587e-05       6.178101965069e+01 
       1.373798243454e-05       6.317067115649e+01 
       1.405798115334e-05       6.459156541658e+01 
       1.438543359983e-05       6.604443766180e+01 
       1.472051339363e-05       6.752998873935e+01 
       1.506339819847e-05       6.904895203430e+01 
       1.541426981643e-05       7.060206935889e+01 
       1.577331428428e-05       7.219013234984e+01 
       1.614072197215e-05       7.381391713896e+01 
       1.651668768445e-05       7.547420921402e+01 
       1.690141076319e-05       7.717184302529e+01 
       1.729509519363e-05       7.890767116283e+01 
       1.769794971247e-05       8.068255352213e+01 
       1.811018791850e-05       8.249733811866e+01 
       1.853202838589e-05       8.435294693318e+01 
       1.896369478003e-05       8.625030134332e+01 
       1.940541597616e-05       8.819032215504e+01 
       1.985742618070e-05       9.017397558831e+01 
       2.031996505544e-05       9.220225585016e+01 
       2.079327784462e-05       9.427613703151e+01 
       2.127761550495e-05       9.639667374021e+01 
       2.177323483866e-05       9.856491373371e+01 
       2.228039862968e-05       1.007819128894e+02 
       2.279937578297e-05       1.030487631746e+02 
       2.333044146709e-05       1.053666162541e+02 
       2.387387726009e-05       1.077366020817e+02 
       2.442997129882e-05       1.101598789875e+02 
       2.499901843170e-05       1.126376636429e+02 
       2.558132037506e-05       1.151711836023e+02 
       2.617718587309e-05       1.177616735635e+02 
       2.678693086156e-05       1.204104300378e+02 
       2.741087863535e-05       1.231187672804e+02 
       2.804936001981e-05       1.258880058044e+02 
       2.870271354623e-05       1.287195269355e+02 
       2.937128563130e-05       1.316147321234e+02 
       3.005543076078e-05       1.345750509945e+02 
       3.075551167749e-05       1.376019460943e+02 
       3.147189957358e-05       1.406969204260e+02 
       3.220497428741e-05       1.438614958787e+02 
       3.295512450489e-05       1.470972414434e+02 
       3.372274796559e-05       1.504057532351e+02 
       3.450825167364e-05       1.537886715401e+02 
       3.531205211350e-05       1.572476758598e+02 
       3.613457547080e-05       1.607844604547e+02 
       3.697625785831e-05       1.644007825325e+02 
       3.783754554717e-05       1.680984322150e+02 
       3.871889520352e-05       1.718792352257e+02 
       3.962077413062e-05       1.757450600330e+02 
       4.054366051660e-05       1.796978180157e+02 
       4.148804368805e-05       1.837394629978e+02 
       4.245442436942e-05       1.878719927994e+02 
       4.344331494854e-05       1.920974481073e+02 
       4.445523974828e-05       1.964179202956e+02 
       4.549073530458e-05       2.008355412768e+02 
       4.655035065087e-05       2.053524963409e+02 
       4.763464760925e-05       2.099710170730e+02 
       4.874420108831e-05       2.146933856005e+02 
       4.987959938799e-05       2.195219344561e+02 
       5.104144451150e-05       2.244590488421e+02 
       5.223035248451e-05       2.295071697597e+02 
       5.344695368175e-05       2.346687870846e+02 
       5.469189316129e-05       2.399464495351e+02 
       5.596583100652e-05       2.453427686954e+02 
       5.726944267614e-05       2.508604087205e+02 
       5.860341936231e-05       2.565020911183e+02 
       5.996846835715e-05       2.622706020967e+02 
       6.136531342768e-05       2.681687901730e+02 
       6.279469519966e-05       2.741995667418e+02 
       6.425737155021e-05       2.803659075541e+02 
       6.575411800971e-05       2.866708551416e+02 
       6.728572817294e-05       2.931175246855e+02 
       6.885301411988e-05       2.997090898679e+02 
       7.045680684628e-05       3.064488099386e+02 
       7.209795670428e-05       3.133400042471e+02 
       7.377733385325e-05       3.203860731682e+02 
       7.549582872119e-05       3.275904916516e+02 
       7.725435247682e-05       3.349568100659e+02 
       7.905383751272e-05       3.424886597588e+02 
       8.089523793966e-05       3.501897531489e+02 
       8.277953009254e-05       3.580638848996e+02 
       8.470771304799e-05       3.661149333284e+02 
       8.668080915414e-05       3.743468664785e+02 
       8.869986457266e-05       3.827637350426e+02 
       9.076594983345e-05       3.913696838098e+02 
       9.288016040228e-05       4.001689499994e+02 
       9.504361726156e-05       4.091658624858e+02 
       9.725746750477e-05       4.183648466916e+02 
       9.952288494460e-05       4.277704293890e+02 
       1.018410707354e-04       4.373872329279e+02 
       1.042132540099e-04       4.472199857606e+02 
       1.066406925311e-04       4.572735193048e+02 
       1.091246733590e-04       4.675527719983e+02 
       1.116665135332e-04       4.780627923234e+02 
       1.142675607710e-04       4.888087394244e+02 
       1.169291941819e-04       4.997958859722e+02 
       1.196528249994e-04       5.110296217924e+02 
       1.224398973285e-04       5.225154553036e+02 
       1.252918889118e-04       5.342590158221e+02 
       1.282103119131e-04       5.462660567625e+02 
       1.311967137188e-04       5.585424578828e+02 
       1.342526777587e-04       5.710942279478e+02 
       1.373798243454e-04       5.839275066611e+02 
       1.405798115334e-04       5.970485684570e+02 
       1.438543359983e-04       6.104638268686e+02 
       1.472051339363e-04       6.241798322676e+02 
       1.506339819847e-04       6.382032798805e+02 
       1.541426981643e-04       6.525410102653e+02 
       1.577331428428e-04       6.672000122185e+02 
       1.614072197215e-04       6.821874277452e+02 
       1.651668768445e-04       6.975105518649e+02 
       1.690141076319e-04       7.131768381042e+02 
       1.729509519363e-04       7.291939009190e+02 
       1.769794971247e-04       7.455695200073e+02 
       1.811018791850e-04       7.623116398928e+02 
       1.853202838589e-04       7.794283780510e+02 
       1.896369478003e-04       7.969280251824e+02 
       1.940541597616e-04       8.148190491725e+02 
       1.985742618070e-04       8.331100984245e+02 
       2.031996505544e-04       8.518100056677e+02 
       2.079327784462e-04       8.709277910156e+02 
       2.127761550495e-04       8.904726666572e+02 
       2.177323483866e-04       9.104540371984e+02 
       2.228039862968e-04       9.308815069184e+02 
       2.279937578297e-04       9.517648814578e+02 
       2.333044146709e-04       9.731141721035e+02 
       2.387387726009e-04       9.949395987114e+02 
       2.442997129882e-04       1.017251594128e+03 
       2.499901843170e-04       1.040060806722e+03 
       2.558132037506e-04       1.063378106232e+03 
       2.617718587309e-04       1.087214585356e+03 
       2.678693086156e-04       1.111581564452e+03 
       2.741087863535e-04       1.136490595849e+03 
       2.804936001981e-04       1.161953465583e+03 
       2.870271354623e-04       1.187982199941e+03 
       2.937128563130e-04       1.214589067311e+03 
       3.005543076078e-04       1.241786582659e+03 
       3.075551167749e-04       1.269587510915e+03 
       3.147189957358e-04       1.298004871593e+03 
       3.220497428741e-04       1.327051941107e+03 
       3.295512450489e-04       1.356742258251e+03 
       3.372274796559e-04       1.387089626722e+03 
       3.450825167364e-04       1.418108119460e+03 
       3.531205211350e-04       1.449812080437e+03 
       3.613457547080e-04       1.482216132954e+03 
       3.697625785831e-04       1.515335177285e+03 
       3.783754554717e-04       1.549184399560e+03 
       3.871889520352e-04       1.583779270611e+03 
       3.962077413062e-04       1.619135553247e+03 
       4.054366051660e-04       1.655269305542e+03 
       4.148804368805e-04       1.692196881836e+03 
       4.245442436942e-04       1.729934934106e+03 
       4.344331494854e-04       1.768500422855e+03 
       4.445523974828e-04       1.807910614360e+03 
       4.549073530458e-04       1.848183082848e+03 
       4.655035065087e-04       1.889335718929e+03 
       4.763464760925e-04       1.931386731943e+03 
       4.874420108831e-04       1.974354639901e+03 
       4.987959938799e-04       2.018258294667e+03 
       5.104144451150e-04       2.063116864656e+03 
       5.223035248451e-04       2.108949848777e+03 
       5.344695368175e-04       2.155777075566e+03 
       5.469189316129e-04       2.203618702325e+03 
       5.596583100652e-04       2.252495220358e+03 
       5.726944267614e-04       2.302427458716e+03 
       5.860341936231e-04       2.353436585325e+03 
       5.996846835715e-04       2.405544099002e+03 
       6.136531342768e-04       2.458771841105e+03 
       6.279469519966e-04       2.513142001661e+03 
       6.425737155021e-04       2.568677099799e+03 
       6.575411800971e-04       2.625400000773e+03 
       6.728572817294e-04       2.683333920287e+03 
       6.885301411988e-04       2.742502402629e+03 
       7.045680684628e-04       2.802929328401e+03 
       7.209795670428e-04       2.864638928829e+03 
       7.377733385325e-04       2.927655770820e+03 
       7.549582872119e-04       2.992004729545e+03 
       7.725435247682e-04       3.057711053516e+03 
       7.905383751272e-04       3.124800284036e+03 
       8.089523793966e-04       3.193298292910e+03 
       8.277953009254e-04       3.263231272115e+03 
       8.470771304799e-04       3.334625697009e+03 
       8.668080915414e-04       3.407508341364e+03 
       8.869986457266e-04       3.481906401588e+03 
       9.076594983345e-04       3.557847130221e+03 
       9.288016040228e-04       3.635358200649e+03 
       9.504361726156e-04       3.714467525026e+03 
       9.725746750477e-04       3.795203240317e+03 
       9.952288494460e-04       3.877593715088e+03 
       1.018410707354e-03       3.961667560766e+03 
       1.042132540099e-03       4.047453533058e+03 
       1.066406925311e-03       4.134980624746e+03 
       1.091246733590e-03       4.224277951704e+03 
       1.116665135332e-03       4.315374756264e+03 
       1.142675607710e-03       4.408300518089e+03 
       1.169291941819e-03       4.503084643302e+03 
       1.196528249994e-03       4.599756716241e+03 
       1.224398973285e-03       4.698346339382e+03 
       1.252918889118e-03       4.798883162915e+03 
       1.282103119131e-03       4.901396821189e+03 
       1.311967137188e-03       5.005916894530e+03 
       1.342526777587e-03       5.112472879116e+03 
       1.373798243454e-03       5.221094220135e+03 
       1.405798115334e-03       5.331810247877e+03 
       1.438543359983e-03       5.444650107600e+03 
       1.472051339363e-03       5.559642697100e+03 
       1.506339819847e-03       5.676816720969e+03 
       1.541426981643e-03       5.796200595111e+03 
       1.577331428428e-03       5.917822365614e+03 
       1.614072197215e-03       6.041709759731e+03 
       1.651668768445e-03       6.167889997191e+03 
       1.690141076319e-03       6.296389912976e+03 
       1.729509519363e-03       6.427235320621e+03 
       1.769794971247e-03       6.560453047129e+03 
       1.811018791850e-03       6.696066953306e+03 
       1.853202838589e-03       6.834101747061e+03 
       1.896369478003e-03       6.974580816323e+03 
       1.940541597616e-03       7.117527149848e+03 
       1.985742618070e-03       7.262962426815e+03 
       2.031996505544e-03       7.410907542957e+03 
       2.079327784462e-03       7.561382347183e+03 
       2.127761550495e-03       7.714405590051e+03 
       2.177323483866e-03       7.869994762967e+03 
       2.228039862968e-03       8.028167116380e+03 
       2.279937578297e-03       8.188936921156e+03 
       2.333044146709e-03       8.352318257633e+03 
       2.387387726009e-03       8.518323466542e+03 
       2.442997129882e-03       8.686963415299e+03 
       2.499901843170e-03       8.858246840522e+03 
       2.558132037506e-03       9.032181688793e+03 
       2.617718587309e-03       9.208772929524e+03 
       2.678693086156e-03       9.388024365618e+03 
       2.741087863535e-03       9.569937728640e+03 
       2.804936001981e-03       9.754512083007e+03 
       2.870271354623e-03       9.941744494482e+03 
       2.937128563130e-03       1.013162966830e+04 
       3.005543076078e-03       1.032415941594e+04 
       3.075551167749e-03       1.051932316697e+04 
       3.147189957358e-03       1.071710753870e+04 
       3.220497428741e-03       1.091749553592e+04 
       3.295512450489e-03       1.112046105276e+04 
       3.372274796559e-03       1.132597028867e+04 
       3.450825167364e-03       1.153399522412e+04 
       3.531205211350e-03       1.174450490101e+04 
       3.613457547080e-03       1.195746667966e+04 
       3.697625785831e-03       1.217284218601e+04 
       3.783754554717e-03       1.239059021550e+04 
       3.871889520352e-03       1.261066619286e+04 
       3.962077413062e-03       1.283302132011e+04 
       4.054366051660e-03       1.305760119145e+04 
       4.148804368805e-03       1.328435004370e+04 
       4.245442436942e-03       1.351320471217e+04 
       4.344331494854e-03       1.374409913401e+04 
       4.445523974828e-03       1.397696100137e+04 
       4.549073530458e-03       1.421171543324e+04 
       4.655035065087e-03       1.444827860760e+04 
       4.763464760925e-03       1.468656017001e+04 
       4.874420108831e-03       1.492646134472e+04 
       4.987959938799e-03       1.516790547197e+04 
       5.104144451150e-03       1.541077557761e+04 
       5.223035248451e-03       1.565495539247e+04 
       5.344695368175e-03       1.590033235671e+04 
       5.469189316129e-03       1.614677479458e+04 
       5.596583100652e-03       1.639414631073e+04 
       5.726944267614e-03       1.664231102552e+04 
       5.860341936231e-03       1.689112433312e+04 
       5.996846835715e-03       1.714042594608e+04 
       6.136531342768e-03       1.739005742487e+04 
       6.279469519966e-03       1.763984958637e+04 
       6.425737155021e-03       1.788962568896e+04 
       6.575411800971e-03       1.813920028397e+04 
       6.728572817294e-03       1.838837991775e+04 
       6.885301411988e-03       1.863696525636e+04 
       7.045680684628e-03       1.888474249889e+04 
       7.209795670428e-03       1.913149216973e+04 
       7.377733385325e-03       1.937698338385e+04 
       7.549582872119e-03       1.962097821300e+04 
       7.725435247682e-03       1.986322975602e+04 
       7.905383751272e-03       2.010347479813e+04 
       8.089523793966e-03       2.034145295426e+04 
       8.277953009254e-03       2.057688647507e+04 
       8.470771304799e-03       2.080948806260e+04 
       8.668080915414e-03       2.103896485035e+04 
       8.869986457266e-03       2.126501588207e+04 
       9.076594983345e-03       2.148731996109e+04 
       9.288016040228e-03       2.170554832071e+04 
       9.504361726156e-03       2.191936803457e+04 
       9.725746750477e-03       2.212843061425e+04 
       9.952288494460e-03       2.233237689683e+04 
       1.018410707354e-02       2.253084613644e+04 
       1.042132540099e-02       2.272346287609e+04 
       1.066406925311e-02       2.290984158675e+04 
       1.091246733590e-02       2.308959076852e+04 
       1.116665135332e-02       2.326230114391e+04 
       1.142675607710e-02       2.342757214529e+04 
       1.169291941819e-02       2.358497456918e+04 
       1.196528249994e-02       2.373407927882e+04 
       1.224398973285e-02       2.387444912418e+04 
       1.252918889118e-02       2.400566460330e+04 
       1.282103119131e-02       2.412727617244e+04 
       1.311967137188e-02       2.423883950553e+04 
       1.342526777587e-02       2.433988816771e+04 
       1.373798243454e-02       2.442996836410e+04 
       1.405798115334e-02       2.450862578011e+04 
       1.438543359983e-02       2.457542353355e+04 
       1.472051339363e-02       2.462987997427e+04 
       1.506339819849e-02       2.467157914326e+04 
       1.541426981647e-02       2.470005751554e+04 
       1.577331428438e-02       2.471490118021e+04 
       1.614072197237e-02       2.471568416072e+04 
       1.651668768495e-02       2.470198218143e+04 
       1.690141076429e-02       2.467342138922e+04 
       1.729509519601e-02       2.462962215663e+04 
       1.769794971752e-02       2.457023806876e+04 
       1.811018792901e-02       2.449492625064e+04 
       1.853202840732e-02       2.440342518720e+04 
       1.896369482293e-02       2.429542915758e+04 
       1.940541606046e-02       2.417075426038e+04 
       1.985742634338e-02       2.402917600351e+04 
       2.031996536382e-02       2.387056444200e+04 
       2.079327841906e-02       2.369485234938e+04 
       2.127761655686e-02       2.350196678769e+04 
       2.177323673295e-02       2.329194824088e+04 
       2.228040198546e-02       2.306480397355e+04 
       2.279938163323e-02       2.282080133204e+04 
       2.333045150724e-02       2.256003113812e+04 
       2.387389422841e-02       2.228281026147e+04 
       2.442999954876e-02       2.198953795945e+04 
       2.499906477869e-02       2.168065340199e+04 
       2.558139532906e-02       2.135659764212e+04 
       2.617730540378e-02       2.101809461041e+04 
       2.678711888673e-02       2.066566596189e+04 
       2.741117047432e-02       2.030026117723e+04 
       2.804980711367e-02       1.992254942488e+04 
       2.870338981281e-02       1.953359225150e+04 
       2.937229589581e-02       1.913436274879e+04 
       3.005692177848e-02       1.872587296822e+04 
       3.075768634097e-02       1.830932648872e+04 
       3.147503496955e-02       1.788587266600e+04 
       3.220944433133e-02       1.745676262884e+04 
       3.296142793193e-02       1.702334096582e+04 
       3.373154248684e-02       1.658688847226e+04 
       3.452039511231e-02       1.614871106315e+04 
       3.532865131259e-02       1.571014628293e+04 
       3.615704370614e-02       1.527255509196e+04 
       3.700638139748e-02       1.483720970583e+04 
       3.787755986313e-02       1.440543835625e+04 
       3.877157118206e-02       1.397837776441e+04 
       3.968951440460e-02       1.355727961453e+04 
       4.063260581978e-02       1.314323805985e+04 
       4.160218885160e-02       1.273721048947e+04 
       4.259974328985e-02       1.234019871448e+04 
       4.362689354262e-02       1.195293801633e+04 
       4.468541558669e-02       1.157614060786e+04 
       4.577724228881e-02       1.121039544452e+04 
       4.690446677877e-02       1.085605978698e+04 
       4.806934357456e-02       1.051334518188e+04 
       4.927428719465e-02       1.018218835064e+04 
       5.052186804404e-02       9.862485870683e+03 
       5.181480543204e-02       9.553641092514e+03 
       5.315595767184e-02       9.254899402540e+03 
       5.454830932398e-02       8.965073395478e+03 
       5.599495577531e-02       8.682728153124e+03 
       5.749908548580e-02       8.405930717107e+03 
       5.906396037789e-02       8.132414740849e+03 
       6.069289497669e-02       7.859526566574e+03 
       6.238923501948e-02       7.584318331001e+03 
       6.415633632805e-02       7.303587650010e+03 
       6.599754476631e-02       7.014200492507e+03 
       6.791617808210e-02       6.713053164807e+03 
       6.991551035597e-02       6.397627735304e+03 
       7.199875965586e-02       6.066177200368e+03 
       7.416907933717e-02       5.718121905553e+03 
       7.642955324653e-02       5.354361375351e+03 
       7.878319490223e-02       4.977529937746e+03 
       8.123295055052e-02       4.592113222386e+03 
       8.378170584673e-02       4.204283177217e+03 
       8.643229579342e-02       3.821611055710e+03 
       8.918751748731e-02       3.452413126581e+03 
       9.205014518249e-02       3.105011643120e+03 
       9.502294716532e-02       2.786839645133e+03 
       9.810870395101e-02       2.503750030057e+03 
       1.013102273450e-01       2.259200669612e+03 
       1.046303799590e-01       2.054055267140e+03 
       1.080720948233e-01       1.886451734315e+03 
       1.116383947927e-01       1.751952911517e+03 
       1.153324114944e-01       1.643871125419e+03 
       1.191574036152e-01       1.553778714070e+03 
       1.231167743666e-01       1.472298838867e+03 
       1.272140880024e-01       1.390298611047e+03 
       1.314530852895e-01       1.300456020457e+03 
       1.358376978543e-01       1.198874071737e+03 
       1.403720613376e-01       1.086129874428e+03 
       1.450605272994e-01       9.671994709738e+02 
       1.499076738073e-01       8.500489231631e+02 
       1.549183146398e-01       7.433140595382e+02 
       1.600975070147e-01       6.539001980109e+02 
       1.654505577331e-01       5.853095651738e+02 
       1.709830276023e-01       5.370456948871e+02 
       1.767007339655e-01       5.049470110316e+02 
       1.826097511293e-01       4.821531431547e+02 
       1.887164084381e-01       4.611381164112e+02 
       1.950272856987e-01       4.343827107783e+02 
       2.015492056109e-01       3.985694562937e+02 
       2.082892228125e-01       3.557555137128e+02 
       2.152546091007e-01       3.118922116496e+02 
       2.224528343482e-01       2.732532447993e+02 
       2.298915425962e-01       2.437031528718e+02 
       2.375785227798e-01       2.237019478686e+02 
       2.455216735263e-01       2.103146071162e+02 
       2.537289614755e-01       1.985665015589e+02 
       2.622083725983e-01       1.842801085732e+02 
       2.709678560521e-01       1.663653487863e+02 
       2.800152602116e-01       1.470254206280e+02 
       2.893582606579e-01       1.299592167505e+02 
       2.990042801096e-01       1.173465184377e+02 
       3.089604005420e-01       1.084910984742e+02 
       3.192332680739e-01       1.010297615343e+02 
       3.298289916080e-01       9.275590036665e+01 
       3.407530366978e-01       8.338511371852e+01 
       3.520101166753e-01       7.437820172151e+01 
       3.636040837009e-01       6.707011364864e+01 
       3.755378230737e-01       6.150372939776e+01 
       3.878131548356e-01       5.656873193746e+01 
       4.004307473726e-01       5.148817190415e+01 
       4.133900483052e-01       4.640429689727e+01 
       4.266892383891e-01       4.193574826754e+01 
       4.403252143340e-01       3.824663912843e+01 
       4.542936062995e-01       3.503077442876e+01 
       4.685888352435e-01       3.192786194177e+01 
       4.832042142173e-01       2.897406570606e+01 
       4.981320960729e-01       2.637242887245e+01 
       5.133640678872e-01       2.413270504375e+01 
       5.288911898054e-01       2.208845854316e+01 
       5.447042731050e-01       2.016866452600e+01 
       5.607941893456e-01       1.843619678154e+01 
       5.771521997678e-01       1.690190578815e+01 
       5.937702919681e-01       1.551372401379e+01 
       6.106415095864e-01       1.423780156140e+01 
       6.277602605058e-01       1.307713563024e+01 
       6.451225899725e-01       1.203339307405e+01 
       6.627264070306e-01       1.108677183564e+01 
       6.805716555295e-01       1.022044494155e+01 
       6.986604244020e-01       9.430147852963e+00 
       7.169969955382e-01       8.712347997966e+00 
       7.355878310587e-01       8.055965208693e+00 
       7.544415047929e-01       7.453677512093e+00 
       7.735685851067e-01       6.902492457860e+00 
       7.929814777916e-01       6.397848315577e+00 
       8.126942385436e-01       5.934502985649e+00 
       8.327223647003e-01       5.507851828437e+00 
       8.530825755145e-01       5.114793748270e+00 
       8.737925894632e-01       4.751993975106e+00 
       8.948709060700e-01       4.417009424100e+00 
       9.163365985676e-01       4.107477314883e+00 
       9.382091225442e-01       3.821169004316e+00 
       9.605081445385e-01       3.556047834445e+00 
       9.832533934372e-01       3.309944419064e+00 
       1.006464536470e+00       3.081644832886e+00 
       1.030161080630e+00       2.869822580710e+00 
       1.054362299447e+00       2.672981259158e+00 
       1.079087184264e+00       2.490118338819e+00 
       1.104354418438e+00       2.319911931202e+00 
       1.130182372353e+00       2.161563294743e+00 
       1.156589116628e+00       2.014293875558e+00 
       1.183592450649e+00       1.877308875673e+00 
       1.211209943343e+00       1.749736406511e+00 
       1.239458983118e+00       1.630905269883e+00 
       1.268356834008e+00       1.520261892918e+00 
       1.297920695268e+00       1.417155236913e+00 
       1.328167762040e+00       1.321153986795e+00 
       1.359115285051e+00       1.231635500186e+00 
       1.390780627766e+00       1.148306336355e+00 
       1.423181319838e+00       1.070796586931e+00 
       1.456335106115e+00       9.984608172643e-01 
       1.490259990827e+00       9.311265982342e-01 
       1.524974276897e+00       8.683438175633e-01 
       1.560496600546e+00       8.097478146835e-01 
       1.596845961592e+00       7.552278629783e-01 
       1.634041749887e+00       7.043953655373e-01 
       1.672103768469e+00       6.570611358713e-01 
       1.711052253972e+00       6.129306908604e-01 
       1.750907894831e+00       5.717883882200e-01 
       1.791691847790e+00       5.334258383288e-01 
       1.833425753128e+00       4.976885731847e-01 
       1.876131748985e+00       4.643591226034e-01 
       1.919832485085e+00       4.332912506676e-01 
       1.964551136101e+00       4.043229616739e-01 
       2.010311414850e+00       3.773077199707e-01 
       2.057137585457e+00       3.521365480752e-01 
       2.105054476604e+00       3.286408291197e-01 
       2.154087494932e+00       3.067372085851e-01 
       2.204262638659e+00       2.863061923322e-01 
       2.255606511455e+00       2.672442861400e-01 
       2.308146336598e+00       2.494706277246e-01 
       2.361909971439e+00       2.328827541394e-01 
       2.416925922191e+00       2.174133973383e-01 
       2.473223359048e+00       2.029693552218e-01 
       2.530832131663e+00       1.895002878611e-01 
       2.589782784972e+00       1.769248212837e-01 
       2.650106575391e+00       1.651897369552e-01 
       2.711835487396e+00       1.542394344025e-01 
       2.775002250470e+00       1.440115803201e-01 
       2.839640356470e+00       1.344650255550e-01 
       2.905784077373e+00       1.255602077527e-01 
       2.973468483457e+00       1.172359081416e-01 
       3.042729461889e+00       1.094654764867e-01 
       3.113603735757e+00       1.022087582160e-01 
       3.186128883540e+00       9.543373572803e-02 
       3.260343359029e+00       8.910377968734e-02 
       3.336286511724e+00       8.319049623656e-02 
       3.413998607688e+00       7.766624038236e-02 
       3.493520850903e+00       7.250492181422e-02 
       3.574895405116e+00       6.768194962641e-02 
       3.658165416192e+00       6.317706694387e-02 
       3.743375034993e+00       5.896806929916e-02 
       3.830569440787e+00       5.503071851738e-02 
       3.919794865202e+00       5.135229268537e-02 
       4.011098616739e+00       4.791809991209e-02 
       4.104529105856e+00       4.470251285458e-02 
       4.200135870635e+00       4.170268421161e-02 
       4.297969603048e+00       3.889368162300e-02 
       4.398082175835e+00       3.626874828337e-02 
       4.500526670007e+00       3.381484178273e-02 
       4.605357402990e+00       3.152068043093e-02 
       4.712629957428e+00       2.937469071084e-02 
       4.822401210649e+00       2.736885762255e-02 
       4.934729364823e+00       2.549654744099e-02 
       5.049673977826e+00       2.374132440723e-02 
       5.167295994811e+00       2.210226119087e-02 
       5.287657780531e+00       2.056935646131e-02 
       5.410823152396e+00       1.913593573656e-02 
       5.536857414317e+00       1.779680877196e-02 
       5.665827391329e+00       1.654345138037e-02 
       5.797801465019e+00       1.537488739526e-02 
       5.932849609789e+00       1.427708736314e-02 
       6.071043429953e+00       1.325565878770e-02 
       6.212456197703e+00       1.229929910080e-02 
       6.357162891960e+00       1.140601277340e-02 
       6.505240238130e+00       1.057123031888e-02 
       6.656766748781e+00       9.792102009136e-03 
       6.811822765276e+00       9.062858777552e-03 
       6.970490500365e+00       8.385983777078e-03 
       7.132854081783e+00       7.748510076140e-03 
       7.298999596850e+00       7.157205477166e-03 
       7.469015138116e+00       6.603577158282e-03 
       7.642990850073e+00       6.088436998605e-03 
       7.821018976946e+00       5.608371146613e-03 
       8.003193911604e+00       5.161025648284e-03 
       8.189612245608e+00       4.740393785016e-03 
       8.380372820427e+00       4.352752983463e-03 
       8.575576779843e+00       3.992264787736e-03 
       8.775327623579e+00       3.655837177917e-03 
       8.979731262176e+00       3.343843955573e-03 
       9.188896073150e+00       3.052367327502e-03 
       9.402932958450e+00       2.783718556223e-03 
       9.621955403268e+00       2.535436242705e-03 
       9.846079536202e+00       2.301151151252e-03 
       1.007542419083e+01       2.086389275525e-03 
       1.031011096874e+01       1.891398143913e-03 
       1.055026430395e+01       1.706004959142e-03 
       1.079601152894e+01       1.537343121760e-03 
       1.104748294214e+01       1.382339122664e-03 
       1.130481187704e+01       1.238911429577e-03 
       1.156813477282e+01       1.108348673089e-03 
       1.183759124679e+01       9.878542311499e-04 
       1.211332416832e+01       8.772806252027e-04 
       1.239547973467e+01       7.771264067636e-04 
       1.268420754845e+01       6.846651317302e-04 
       1.297966069696e+01       6.031262272347e-04 
       1.328199583338e+01       5.260516028793e-04 
       1.359137325980e+01       4.584325703567e-04 
       1.390795701223e+01       3.962861050951e-04 
       1.423191494755e+01       3.423648702655e-04 
       1.456341883257e+01       2.934605268615e-04 
       1.490264443502e+01       2.487914541300e-04 
       1.524977161680e+01       2.115099762035e-04 
       1.560498442936e+01       1.766510306176e-04 
       1.596847121121e+01       1.466030149664e-04 
       1.634042468787e+01       1.208658718766e-04 
       1.672104207399e+01       9.824466876428e-05 
       1.711052517794e+01       7.852214025243e-05 
       1.750908050883e+01       6.245455332300e-05 
       1.791691938597e+01       4.819952281539e-05 
       1.833425805092e+01       3.727983787251e-05 
       1.876131778217e+01       2.742100187180e-05 
       1.919832501245e+01       1.995766735272e-05 
       1.964551144877e+01       1.391892529701e-05 
       2.010311419530e+01       9.304358723799e-06 
       2.057137587907e+01       5.657847663615e-06 
       2.105054477862e+01       3.250292891158e-06 
       2.154087495566e+01       1.516479246639e-06 
       2.204262638972e+01       4.925798995248e-07 
       2.255606511606e+01       7.570327326843e-08 
       2.308146336670e+01       1.002193214284e-08 
       2.361909971473e+01       2.453578698144e-07 
       2.416925922206e+01       5.955969546624e-07 
       2.473223359055e+01       1.120889951197e-06 
       2.530832131666e+01       1.661697614138e-06 
       2.589782784973e+01       2.189671822496e-06 
       2.650106575392e+01       2.662538280169e-06 
       2.711835487396e+01       3.051155792261e-06 
       2.775002250470e+01       3.335059952511e-06 
       2.839640356470e+01       3.505626498223e-06 
       2.905784077373e+01       3.562006429314e-06 
       2.973468483457e+01       3.510132194527e-06 
       3.042729461889e+01       3.361702551534e-06 
       3.113603735757e+01       3.132421928190e-06 
       3.186128883540e+01       2.840739211247e-06 
       3.260343359029e+01       2.506353592532e-06 
       3.336286511724e+01       2.148916323015e-06 
       3.413998607688e+01       1.787029414057e-06 
       3.493520850903e+01       1.437225727455e-06 
       3.574895405116e+01       1.113152640694e-06 
       3.658165416192e+01       8.252451699056e-07 
       3.743375034993e+01       5.803700778598e-07 
       3.830569440787e+01       3.818788562962e-07 
       3.919794865202e+01       2.298337021136e-07 
       4.011098616739e+01       1.214332433087e-07 
       4.104529105856e+01       5.162181456556e-08 
       4.200135870635e+01       1.377047505021e-08 
       4.297969603048e+01       4.121431889536e-10 
       4.398082175835e+01       3.956888935398e-09 
       4.500526670007e+01       1.732637646642e-08 
       4.605357402990e+01       3.446031374013e-08 
       4.712629957428e+01       5.066069963622e-08 
       4.822401210649e+01       6.275929621863e-08 
       4.934729364823e+01       6.909830052665e-08 
       5.049673977826e+01       6.936319721763e-08 
       5.167295994811e+01       6.429281299970e-08 
       5.287657780531e+01       5.531451341446e-08 
       5.410823152396e+01       4.416924609972e-08 
       5.536857414317e+01       3.257050847531e-08 
       5.665827391329e+01       2.192759377852e-08 
       5.797801465019e+01       1.319975311356e-08 
       5.932849609789e+01       6.827565640516e-09 
       6.071043429953e+01       2.786122954749e-09 
       6.212456197703e+01       7.054172238597e-10 
       6.357162891960e+01       2.314864498212e-11 
       6.505240238130e+01       1.430791991524e-10 
       6.656766748781e+01       5.579240570034e-10 
       6.811822765276e+01       9.225076885538e-10 
       6.970490500365e+01       1.071185847647e-09 
       7.132854081783e+01       9.877121339755e-10 
       7.298999596850e+01       7.494702396612e-10 
       7.469015138116e+01       4.644884255629e-10 
       7.642990850073e+01       2.225368924927e-10 
       7.821018976946e+01       6.952714476285e-11 
       8.003193911604e+01       6.333661496035e-12 
       8.189612245608e+01       4.250775797543e-12 
       8.380372820427e+01       2.646444047490e-11 
       8.575576779843e+01       4.504061453918e-11 
       8.775327623579e+01       4.812858780845e-11 
       8.979731262176e+01       3.781302883066e-11 
       9.188896073150e+01       2.256006416646e-11 
       9.402932958450e+01       9.912147798427e-12 
       9.621955403268e+01       2.888632640401e-12 
       9.846079536202e+01       4.236901766984e-13 
       1.007542419083e+02       1.420124099051e-14 
       1.031011096874e+02       8.066551183863e-15 
       1.055026430395e+02       1.954692981097e-13 
       1.079601152894e+02       9.857028810327e-13 
       1.104748294214e+02       2.390818144972e-12 
       1.130481187704e+02       3.767416768294e-12 
       1.156813477282e+02       4.342245618291e-12 
       1.183759124679e+02       3.853008151778e-12 
       1.211332416832e+02       2.683775000589e-12 
       1.239547973467e+02       1.476747923409e-12 
       1.268420754845e+02       6.535267006548e-13 
       1.297966069696e+02       2.585151356060e-13 
       1.328199583338e+02       1.292541522085e-13 
       1.359137325980e+02       1.256194230298e-13 
       1.390795701223e+02       1.993890980750e-13 
       1.423191494755e+02       3.268214584851e-13 
       1.456341883257e+02       4.522971688270e-13 
       1.490264443502e+02       5.121830997174e-13 
       1.524977161680e+02       4.851450912995e-13 
       1.560498442936e+02       4.003612323430e-13 
       1.596847121121e+02       3.036579803493e-13 
       1.634042468787e+02       2.250856658188e-13 
       1.672104207399e+02       1.725202540442e-13 
       1.711052517794e+02       1.414937455548e-13 
       1.750908050883e+02       1.250124476049e-13 
       1.791691938597e+02       1.179250923269e-13 
       1.833425805092e+02       1.165127107274e-13 
       1.876131778217e+02       1.166986786771e-13 
       1.919832501245e+02       1.129896876934e-13 
       1.964551144877e+02       1.009470941165e-13 
       2.010311419530e+02       8.140532265194e-14 
       2.057137587907e+02       6.125391899473e-14 
       2.105054477862e+02       4.774631982621e-14 
       2.154087495566e+02       4.330650155216e-14 
       2.204262638972e+02       4.524879681265e-14 
       2.255606511606e+02       4.702144821029e-14 
       2.308146336670e+02       4.235896042823e-14 
       2.361909971472e+02       3.223104633199e-14 
       2.416925922206e+02       2.344755268353e-14 
       2.473223359055e+02       2.010553125527e-14 
       2.530832131666e+02       2.091309469363e-14 
       2.589782784973e+02       2.126705577914e-14 
       2.650106575392e+02       1.786913373248e-14 
       2.711835487396e+02       1.310093601652e-14 
       2.775002250470e+02       1.067769835669e-14 
       2.839640356470e+02       1.065773643785e-14 
       2.905784077373e+02       1.035081904376e-14 
       2.973468483457e+02       8.259607332440e-15 
       3.042729461889e+02       6.285439665456e-15 
       3.113603735757e+02       5.842177654167e-15 
       3.186128883540e+02       5.755035285059e-15 
       3.260343359029e+02       4.594992225111e-15 
       3.336286511724e+02       3.409402266582e-15 
       3.413998607688e+02       3.293888913624e-15 
       3.493520850903e+02       3.288078499972e-15 
       3.574895405116e+02       2.388370474343e-15 
       3.658165416192e+02       1.745092966856e-15 
       3.743375034993e+02       1.920135778537e-15 
       3.830569440787e+02       1.784160251060e-15 
       3.919794865202e+02       1.097615606192e-15 
       4.011098616739e+02       9.819252991420e-16 
       4.104529105856e+02       1.153991659747e-15 
       4.200135870635e+02       7.629797008524e-16 
       4.297969603048e+02       5.347636508921e-16 
       4.398082175835e+02       6.824493018649e-16 
       4.500526670007e+02       4.901939451483e-16 
       4.605357402990e+02       3.175531997639e-16 
       4.712629957428e+02       4.130575504915e-16 
       4.822401210649e+02       2.785441704452e-16 
       4.934729364823e+02       2.044335598708e-16 
       5.049673977825e+02       2.537118143541e-16 
