# Matter power spectrum P(k) at redshift z=0
# for k=1.04213e-05 to 504.967 h/Mpc,
# number of wavenumbers equal to 739
#    1:k (h/Mpc)              2:P (Mpc/h)^3        
       1.042132540099e-05       4.831336735426e+01 
       1.066406925311e-05       4.940008395796e+01 
       1.091246733590e-05       5.051125839857e+01 
       1.116665135332e-05       5.164741411961e+01 
       1.142675607710e-05       5.280913613244e+01 
       1.169291941819e-05       5.399698110734e+01 
       1.196528249994e-05       5.521154653933e+01 
       1.224398973285e-05       5.645343390604e+01 
       1.252918889118e-05       5.772322208488e+01 
       1.282103119131e-05       5.902162641936e+01 
       1.311967137188e-05       6.034921206795e+01 
       1.342526777587e-05       6.170665682697e+01 
       1.373798243454e-05       6.309463589808e+01 
       1.405798115334e-05       6.451382014295e+01 
       1.438543359983e-05       6.596494389356e+01 
       1.472051339363e-05       6.744870719206e+01 
       1.506339819847e-05       6.896584250175e+01 
       1.541426981643e-05       7.051709071995e+01 
       1.577331428428e-05       7.210324262401e+01 
       1.614072197215e-05       7.372507333607e+01 
       1.651668768445e-05       7.538336744427e+01 
       1.690141076319e-05       7.707895837251e+01 
       1.729509519363e-05       7.881269768005e+01 
       1.769794971247e-05       8.058544425193e+01 
       1.811018791850e-05       8.239804510803e+01 
       1.853202838589e-05       8.425142103212e+01 
       1.896369478003e-05       8.614649238412e+01 
       1.940541597616e-05       8.808417884363e+01 
       1.985742618070e-05       9.006544547744e+01 
       2.031996505544e-05       9.209128528029e+01 
       2.079327784462e-05       9.416267118406e+01 
       2.127761550495e-05       9.628065654544e+01 
       2.177323483866e-05       9.844628781800e+01 
       2.228039862968e-05       1.006606196539e+02 
       2.279937578297e-05       1.029247427544e+02 
       2.333044146709e-05       1.052398073149e+02 
       2.387387726009e-05       1.076069419926e+02 
       2.442997129882e-05       1.100273037311e+02 
       2.499901843170e-05       1.125021076933e+02 
       2.558132037506e-05       1.150325800182e+02 
       2.617718587309e-05       1.176199539238e+02 
       2.678693086156e-05       1.202655243684e+02 
       2.741087863535e-05       1.229706039865e+02 
       2.804936001981e-05       1.257365118022e+02 
       2.870271354623e-05       1.285646274258e+02 
       2.937128563130e-05       1.314563506874e+02 
       3.005543076078e-05       1.344131094292e+02 
       3.075551167749e-05       1.374363644843e+02 
       3.147189957358e-05       1.405276170973e+02 
       3.220497428741e-05       1.436883873019e+02 
       3.295512450489e-05       1.469202422352e+02 
       3.372274796559e-05       1.502247760723e+02 
       3.450825167364e-05       1.536036272238e+02 
       3.531205211350e-05       1.570584731507e+02 
       3.613457547080e-05       1.605910061350e+02 
       3.697625785831e-05       1.642029811884e+02 
       3.783754554717e-05       1.678961864516e+02 
       3.871889520352e-05       1.716724453694e+02 
       3.962077413062e-05       1.755336242082e+02 
       4.054366051660e-05       1.794816321301e+02 
       4.148804368805e-05       1.835184206664e+02 
       4.245442436942e-05       1.876459851349e+02 
       4.344331494854e-05       1.918663639285e+02 
       4.445523974828e-05       1.961816459446e+02 
       4.549073530458e-05       2.005939605215e+02 
       4.655035065087e-05       2.051054904315e+02 
       4.763464760925e-05       2.097184645864e+02 
       4.874420108831e-05       2.144351624317e+02 
       4.987959938799e-05       2.192579138449e+02 
       5.104144451150e-05       2.241891009906e+02 
       5.223035248451e-05       2.292311622305e+02 
       5.344695368175e-05       2.343865844121e+02 
       5.469189316129e-05       2.396579134388e+02 
       5.596583100652e-05       2.450477575664e+02 
       5.726944267614e-05       2.505587779735e+02 
       5.860341936231e-05       2.561936931170e+02 
       5.996846835715e-05       2.619552858370e+02 
       6.136531342768e-05       2.678464012972e+02 
       6.279469519966e-05       2.738699474565e+02 
       6.425737155021e-05       2.800288968763e+02 
       6.575411800971e-05       2.863262884084e+02 
       6.728572817294e-05       2.927652335861e+02 
       6.885301411988e-05       2.993489025407e+02 
       7.045680684628e-05       3.060805506904e+02 
       7.209795670428e-05       3.129634937208e+02 
       7.377733385325e-05       3.200011278737e+02 
       7.549582872119e-05       3.271969244129e+02 
       7.725435247682e-05       3.345544293903e+02 
       7.905383751272e-05       3.420772702096e+02 
       8.089523793966e-05       3.497691549456e+02 
       8.277953009254e-05       3.576338742325e+02 
       8.470771304799e-05       3.656753017679e+02 
       8.668080915414e-05       3.738974011882e+02 
       8.869986457266e-05       3.823042186299e+02 
       9.076594983345e-05       3.908998945310e+02 
       9.288016040228e-05       3.996886610812e+02 
       9.504361726156e-05       4.086748424676e+02 
       9.725746750477e-05       4.178628592089e+02 
       9.952288494460e-05       4.272572332225e+02 
       1.018410707354e-04       4.368625817116e+02 
       1.042132540099e-04       4.466836279346e+02 
       1.066406925311e-04       4.567251982207e+02 
       1.091246733590e-04       4.669922255902e+02 
       1.116665135332e-04       4.774897531106e+02 
       1.142675607710e-04       4.882229345013e+02 
       1.169291941819e-04       4.991970367750e+02 
       1.196528249994e-04       5.104174441797e+02 
       1.224398973285e-04       5.218896593481e+02 
       1.252918889118e-04       5.336193055964e+02 
       1.282103119131e-04       5.456121305769e+02 
       1.311967137188e-04       5.578740079357e+02 
       1.342526777587e-04       5.704109404008e+02 
       1.373798243454e-04       5.832290614930e+02 
       1.405798115334e-04       5.963346392862e+02 
       1.438543359983e-04       6.097340810367e+02 
       1.472051339363e-04       6.234339307569e+02 
       1.506339819847e-04       6.374408770343e+02 
       1.541426981643e-04       6.517617538935e+02 
       1.577331428428e-04       6.664035435783e+02 
       1.614072197215e-04       6.813733812816e+02 
       1.651668768445e-04       6.966785552161e+02 
       1.690141076319e-04       7.123265122181e+02 
       1.729509519363e-04       7.283248597717e+02 
       1.769794971247e-04       7.446813706287e+02 
       1.811018791850e-04       7.614039823846e+02 
       1.853202838589e-04       7.785008054264e+02 
       1.896369478003e-04       7.959801234176e+02 
       1.940541597616e-04       8.138503971729e+02 
       1.985742618070e-04       8.321202679937e+02 
       2.031996505544e-04       8.507985613981e+02 
       2.079327784462e-04       8.698942905275e+02 
       2.127761550495e-04       8.894166602782e+02 
       2.177323483866e-04       9.093750681757e+02 
       2.228039862968e-04       9.297791114276e+02 
       2.279937578297e-04       9.506385885249e+02 
       2.333044146709e-04       9.719635037541e+02 
       2.387387726009e-04       9.937640699092e+02 
       2.442997129882e-04       1.016050712923e+03 
       2.499901843170e-04       1.038834074271e+03 
       2.558132037506e-04       1.062125016844e+03 
       2.617718587309e-04       1.085934626614e+03 
       2.678693086156e-04       1.110274217308e+03 
       2.741087863535e-04       1.135155334794e+03 
       2.804936001981e-04       1.160589758589e+03 
       2.870271354623e-04       1.186589508770e+03 
       2.937128563130e-04       1.213166847552e+03 
       3.005543076078e-04       1.240334283916e+03 
       3.075551167749e-04       1.268104576876e+03 
       3.147189957358e-04       1.296490740463e+03 
       3.220497428741e-04       1.325506045621e+03 
       3.295512450489e-04       1.355164025603e+03 
       3.372274796559e-04       1.385478479175e+03 
       3.450825167364e-04       1.416463474064e+03 
       3.531205211350e-04       1.448133350020e+03 
       3.613457547080e-04       1.480502725569e+03 
       3.697625785831e-04       1.513586496845e+03 
       3.783754554717e-04       1.547399845150e+03 
       3.871889520352e-04       1.581958238633e+03 
       3.962077413062e-04       1.617277435280e+03 
       4.054366051660e-04       1.653373489736e+03 
       4.148804368805e-04       1.690262752456e+03 
       4.245442436942e-04       1.727961872917e+03 
       4.344331494854e-04       1.766487808174e+03 
       4.445523974828e-04       1.805857820845e+03 
       4.549073530458e-04       1.846089481972e+03 
       4.655035065087e-04       1.887200679099e+03 
       4.763464760925e-04       1.929209618382e+03 
       4.874420108831e-04       1.972134813888e+03 
       4.987959938799e-04       2.015995112788e+03 
       5.104144451150e-04       2.060809680950e+03 
       5.223035248451e-04       2.106598011450e+03 
       5.344695368175e-04       2.153379927723e+03 
       5.469189316129e-04       2.201175582628e+03 
       5.596583100652e-04       2.250005459312e+03 
       5.726944267614e-04       2.299890380639e+03 
       5.860341936231e-04       2.350851503937e+03 
       5.996846835715e-04       2.402910320455e+03 
       6.136531342768e-04       2.456088661695e+03 
       6.279469519966e-04       2.510408701091e+03 
       6.425737155021e-04       2.565892946533e+03 
       6.575411800971e-04       2.622564246454e+03 
       6.728572817294e-04       2.680445797235e+03 
       6.885301411988e-04       2.739561123464e+03 
       7.045680684628e-04       2.799934083372e+03 
       7.209795670428e-04       2.861588882031e+03 
       7.377733385325e-04       2.924550059054e+03 
       7.549582872119e-04       2.988842455106e+03 
       7.725435247682e-04       3.054491286946e+03 
       7.905383751272e-04       3.121522057334e+03 
       8.089523793966e-04       3.189960595543e+03 
       8.277953009254e-04       3.259833046401e+03 
       8.470771304799e-04       3.331165847537e+03 
       8.668080915414e-04       3.403985710065e+03 
       8.869986457266e-04       3.478319776795e+03 
       9.076594983345e-04       3.554195242714e+03 
       9.288016040228e-04       3.631639717405e+03 
       9.504361726156e-04       3.710681042607e+03 
       9.725746750477e-04       3.791347299758e+03 
       9.952288494460e-04       3.873666775633e+03 
       1.018410707354e-03       3.957668009205e+03 
       1.042132540099e-03       4.043379679124e+03 
       1.066406925311e-03       4.130830691950e+03 
       1.091246733590e-03       4.220050103885e+03 
       1.116665135332e-03       4.311067076119e+03 
       1.142675607710e-03       4.403910996990e+03 
       1.169291941819e-03       4.498611202988e+03 
       1.196528249994e-03       4.595197203040e+03 
       1.224398973285e-03       4.693698531493e+03 
       1.252918889118e-03       4.794144762450e+03 
       1.282103119131e-03       4.896565479470e+03 
       1.311967137188e-03       5.000990194255e+03 
       1.342526777587e-03       5.107448373130e+03 
       1.373798243454e-03       5.215969427524e+03 
       1.405798115334e-03       5.326582641002e+03 
       1.438543359983e-03       5.439317152700e+03 
       1.472051339363e-03       5.554201853799e+03 
       1.506339819847e-03       5.671265467996e+03 
       1.541426981643e-03       5.790536440557e+03 
       1.577331428428e-03       5.912042854745e+03 
       1.614072197215e-03       6.035812503569e+03 
       1.651668768445e-03       6.161872688312e+03 
       1.690141076319e-03       6.290250339319e+03 
       1.729509519363e-03       6.420971394879e+03 
       1.769794971247e-03       6.554062804563e+03 
       1.811018791850e-03       6.689548597516e+03 
       1.853202838589e-03       6.827453623261e+03 
       1.896369478003e-03       6.967801451546e+03 
       1.940541597616e-03       7.110615292956e+03 
       1.985742618070e-03       7.255916959935e+03 
       2.031996505544e-03       7.403727593142e+03 
       2.079327784462e-03       7.554067212890e+03 
       2.127761550495e-03       7.706954764511e+03 
       2.177323483866e-03       7.862407928507e+03 
       2.228039862968e-03       8.020444079450e+03 
       2.279937578297e-03       8.181077671186e+03 
       2.333044146709e-03       8.344322874238e+03 
       2.387387726009e-03       8.510192123289e+03 
       2.442997129882e-03       8.678696343110e+03 
       2.499901843170e-03       8.849844330194e+03 
       2.558132037506e-03       9.023643997960e+03 
       2.617718587309e-03       9.200100319979e+03 
       2.678693086156e-03       9.379217033547e+03 
       2.741087863535e-03       9.560995803138e+03 
       2.804936001981e-03       9.745435651026e+03 
       2.870271354623e-03       9.932533571824e+03 
       2.937128563130e-03       1.012228421326e+04 
       3.005543076078e-03       1.031467941161e+04 
       3.075551167749e-03       1.050970859600e+04 
       3.147189957358e-03       1.070735853202e+04 
       3.220497428741e-03       1.090761236842e+04 
       3.295512450489e-03       1.111087081315e+04 
       3.372274796559e-03       1.131674937677e+04 
       3.450825167364e-03       1.152515208583e+04 
       3.531205211350e-03       1.173604698408e+04 
       3.613457547080e-03       1.194940063992e+04 
       3.697625785831e-03       1.216517427359e+04 
       3.783754554717e-03       1.238332645841e+04 
       3.871889520352e-03       1.260381255654e+04 
       3.962077413062e-03       1.282658378529e+04 
       4.054366051660e-03       1.305158585760e+04 
       4.148804368805e-03       1.327876317552e+04 
       4.245442436942e-03       1.350805260324e+04 
       4.344331494854e-03       1.373938817921e+04 
       4.445523974828e-03       1.397269759392e+04 
       4.549073530458e-03       1.420790593796e+04 
       4.655035065087e-03       1.444492948370e+04 
       4.763464760925e-03       1.468367785557e+04 
       4.874420108831e-03       1.492405257388e+04 
       4.987959938799e-03       1.516597733213e+04 
       5.104144451150e-03       1.540933571723e+04 
       5.223035248451e-03       1.565401244025e+04 
       5.344695368175e-03       1.589989592957e+04 
       5.469189316129e-03       1.614685599272e+04 
       5.596583100652e-03       1.639475766208e+04 
       5.726944267614e-03       1.664346665352e+04 
       5.860341936231e-03       1.689283976111e+04 
       5.996846835715e-03       1.714271805891e+04 
       6.136531342768e-03       1.739294437288e+04 
       6.279469519966e-03       1.764335015749e+04 
       6.425737155021e-03       1.789375972731e+04 
       6.575411800971e-03       1.814398811733e+04 
       6.728572817294e-03       1.839384282154e+04 
       6.885301411988e-03       1.864312544387e+04 
       7.045680684628e-03       1.889162386612e+04 
       7.209795670428e-03       1.913912039418e+04 
       7.377733385325e-03       1.938538647617e+04 
       7.549582872119e-03       1.963018662373e+04 
       7.725435247682e-03       1.987327622711e+04 
       7.905383751272e-03       2.011439459730e+04 
       8.089523793966e-03       2.035328272930e+04 
       8.277953009254e-03       2.058966434277e+04 
       8.470771304799e-03       2.082325346376e+04 
       8.668080915414e-03       2.105375839564e+04 
       8.869986457266e-03       2.128087967637e+04 
       9.076594983345e-03       2.150429858197e+04 
       9.288016040228e-03       2.172368946194e+04 
       9.504361726156e-03       2.193872211929e+04 
       9.725746750477e-03       2.214905125602e+04 
       9.952288494460e-03       2.235432035431e+04 
       1.018410707354e-02       2.255417056709e+04 
       1.042132540099e-02       2.274822821070e+04 
       1.066406925311e-02       2.293610985662e+04 
       1.091246733590e-02       2.311742631207e+04 
       1.116665135332e-02       2.329177140251e+04 
       1.142675607710e-02       2.345874722347e+04 
       1.169291941819e-02       2.361792773137e+04 
       1.196528249994e-02       2.376888567295e+04 
       1.224398973285e-02       2.391118547765e+04 
       1.252918889118e-02       2.404440830242e+04 
       1.282103119131e-02       2.416810635577e+04 
       1.311967137188e-02       2.428183826862e+04 
       1.342526777587e-02       2.438514074628e+04 
       1.373798243454e-02       2.447756057238e+04 
       1.405798115334e-02       2.455864489811e+04 
       1.438543359983e-02       2.462795704289e+04 
       1.472051339363e-02       2.468501626768e+04 
       1.506339819849e-02       2.472940630198e+04 
       1.541426981647e-02       2.476066394521e+04 
       1.577331428438e-02       2.477837465645e+04 
       1.614072197237e-02       2.478211096581e+04 
       1.651668768495e-02       2.477144718880e+04 
       1.690141076429e-02       2.474600707682e+04 
       1.729509519601e-02       2.470540786063e+04 
       1.769794971752e-02       2.464929928854e+04 
       1.811018792901e-02       2.457733454711e+04 
       1.853202840732e-02       2.448924560785e+04 
       1.896369482293e-02       2.438472216366e+04 
       1.940541606046e-02       2.426357131771e+04 
       1.985742634338e-02       2.412556190622e+04 
       2.031996536382e-02       2.397055444551e+04 
       2.079327841906e-02       2.379846929082e+04 
       2.127761655686e-02       2.360922491930e+04 
       2.177323673295e-02       2.340284692761e+04 
       2.228040198546e-02       2.317933246420e+04 
       2.279938163323e-02       2.293892933908e+04 
       2.333045150724e-02       2.268171544845e+04 
       2.387389422841e-02       2.240799122792e+04 
       2.442999954876e-02       2.211813387149e+04 
       2.499906477869e-02       2.181256627362e+04 
       2.558139532906e-02       2.149170834343e+04 
       2.617730540378e-02       2.115626091199e+04 
       2.678711888673e-02       2.080672832261e+04 
       2.741117047432e-02       2.044403124248e+04 
       2.804980711367e-02       2.006882337816e+04 
       2.870338981281e-02       1.968213723106e+04 
       2.937229589581e-02       1.928492420570e+04 
       3.005692177848e-02       1.887817535768e+04 
       3.075768634097e-02       1.846306962991e+04 
       3.147503496955e-02       1.804073631317e+04 
       3.220944433133e-02       1.761240386003e+04 
       3.296142793193e-02       1.717939844083e+04 
       3.373154248684e-02       1.674298102091e+04 
       3.452039511231e-02       1.630444197888e+04 
       3.532865131259e-02       1.586510518534e+04 
       3.615704370614e-02       1.542631640992e+04 
       3.700638139748e-02       1.498934087358e+04 
       3.787755986313e-02       1.455549493079e+04 
       3.877157118206e-02       1.412591427953e+04 
       3.968951440460e-02       1.370184418335e+04 
       4.063260581978e-02       1.328438105662e+04 
       4.160218885160e-02       1.287448567222e+04 
       4.259974328985e-02       1.247316600871e+04 
       4.362689354262e-02       1.208116712945e+04 
       4.468541558669e-02       1.169921544308e+04 
       4.577724228881e-02       1.132791756161e+04 
       4.690446677877e-02       1.096765303340e+04 
       4.806934357456e-02       1.061866428095e+04 
       4.927428719465e-02       1.028092082099e+04 
       5.052186804404e-02       9.954359815382e+03 
       5.181480543204e-02       9.638435287816e+03 
       5.315595767184e-02       9.332453016916e+03 
       5.454830932398e-02       9.035294880392e+03 
       5.599495577531e-02       8.745608212354e+03 
       5.749908548580e-02       8.461555682179e+03 
       5.906396037789e-02       8.180976518519e+03 
       6.069289497669e-02       7.901338620750e+03 
       6.238923501948e-02       7.619821955456e+03 
       6.415633632805e-02       7.333358410229e+03 
       6.599754476631e-02       7.038943292775e+03 
       6.791617808210e-02       6.733594570515e+03 
       6.991551035597e-02       6.414890648893e+03 
       7.199875965586e-02       6.081144523860e+03 
       7.416907933717e-02       5.731784151043e+03 
       7.642955324653e-02       5.367656325447e+03 
       7.878319490223e-02       4.991273409762e+03 
       8.123295055052e-02       4.606930926048e+03 
       8.378170584673e-02       4.220556361552e+03 
       8.643229579342e-02       3.839440667446e+03 
       8.918751748731e-02       3.471616447822e+03 
       9.205014518249e-02       3.125150338280e+03 
       9.502294716532e-02       2.807279377605e+03 
       9.810870395101e-02       2.523735450930e+03 
       1.013102273450e-01       2.277945814586e+03 
       1.046303799590e-01       2.070822450752e+03 
       1.080720948233e-01       1.900620266739e+03 
       1.116383947927e-01       1.763076444705e+03 
       1.153324114944e-01       1.651728066247e+03 
       1.191574036152e-01       1.558417438015e+03 
       1.231167743666e-01       1.474068257786e+03 
       1.272140880024e-01       1.389842153719e+03 
       1.314530852895e-01       1.298642317099e+03 
       1.358376978543e-01       1.196655782612e+03 
       1.403720613376e-01       1.084353229797e+03 
       1.450605272994e-01       9.664236239386e+02 
       1.499076738073e-01       8.504422189602e+02 
       1.549183146398e-01       7.446654906396e+02 
       1.600975070147e-01       6.557320076061e+02 
       1.654505577331e-01       5.870345798967e+02 
       1.709830276023e-01       5.381148334101e+02 
       1.767007339655e-01       5.049675204236e+02 
       1.826097511293e-01       4.809827418612e+02 
       1.887164084381e-01       4.589345476998e+02 
       1.950272856987e-01       4.315869213362e+02 
       2.015492056109e-01       3.957435636543e+02 
       2.082892228125e-01       3.533473011447e+02 
       2.152546091007e-01       3.100596529422e+02 
       2.224528343482e-01       2.718526951937e+02 
       2.298915425962e-01       2.424143898443e+02 
       2.375785227798e-01       2.221960017532e+02 
       2.455216735263e-01       2.084000609757e+02 
       2.537289614755e-01       1.962768061663e+02 
       2.622083725983e-01       1.818468585598e+02 
       2.709678560521e-01       1.640655787511e+02 
       2.800152602116e-01       1.450033000093e+02 
       2.893582606579e-01       1.281573978524e+02 
       2.990042801096e-01       1.155911800091e+02 
       3.089604005420e-01       1.066397049581e+02 
       3.192332680739e-01       9.906813490257e+01 
       3.298289916080e-01       9.079182373549e+01 
       3.407530366978e-01       8.153754840878e+01 
       3.520101166753e-01       7.267130549952e+01 
       3.636040837009e-01       6.543860051192e+01 
       3.755378230737e-01       5.987727874930e+01 
       3.878131548356e-01       5.494510451618e+01 
       4.004307473726e-01       4.991651605531e+01 
       4.133900483052e-01       4.491923887407e+01 
       4.266892383891e-01       4.052296627565e+01 
       4.403252143340e-01       3.687548472608e+01 
       4.542936062995e-01       3.369310821542e+01 
       4.685888352435e-01       3.064068650431e+01 
       4.832042142173e-01       2.774814777989e+01 
       4.981320960729e-01       2.519891424720e+01 
       5.133640678872e-01       2.300012655536e+01 
       5.288911898054e-01       2.099786174216e+01 
       5.447042731050e-01       1.912533238417e+01 
       5.607941893456e-01       1.743788025427e+01 
       5.771521997678e-01       1.594335571859e+01 
       5.937702919681e-01       1.459337243215e+01 
       6.106415095864e-01       1.335618901420e+01 
       6.277602605058e-01       1.223296662717e+01 
       6.451225899725e-01       1.122396293583e+01 
       6.627264070306e-01       1.031047834643e+01 
       6.805716555295e-01       9.476477819052e+00 
       6.986604244020e-01       8.717168553792e+00 
       7.169969955382e-01       8.028664679806e+00 
       7.355878310587e-01       7.400455330800e+00 
       7.544415047929e-01       6.825406139480e+00 
       7.735685851067e-01       6.300259385831e+00 
       7.929814777916e-01       5.820439734995e+00 
       8.126942385436e-01       5.380844820231e+00 
       8.327223647003e-01       4.976987328276e+00 
       8.530825755145e-01       4.605799815976e+00 
       8.737925894632e-01       4.264057721125e+00 
       8.948709060700e-01       3.949324064261e+00 
       9.163365985676e-01       3.659228750709e+00 
       9.382091225442e-01       3.391559609365e+00 
       9.605081445385e-01       3.144327063834e+00 
       9.832533934372e-01       2.915468600357e+00 
       1.006464536470e+00       2.703772281412e+00 
       1.030161080630e+00       2.507915813485e+00 
       1.054362299447e+00       2.326433498352e+00 
       1.079087184264e+00       2.158319021738e+00 
       1.104354418438e+00       2.002327360098e+00 
       1.130182372353e+00       1.857672158332e+00 
       1.156589116628e+00       1.723570536473e+00 
       1.183592450649e+00       1.599226391999e+00 
       1.211209943343e+00       1.483807039673e+00 
       1.239458983118e+00       1.376674503945e+00 
       1.268356834008e+00       1.277284735338e+00 
       1.297920695268e+00       1.184999725384e+00 
       1.328167762040e+00       1.099377144540e+00 
       1.359115285051e+00       1.019843602246e+00 
       1.390780627766e+00       9.460995954643e-01 
       1.423181319838e+00       8.777665198753e-01 
       1.456335106115e+00       8.142508144354e-01 
       1.490259990827e+00       7.553669688877e-01 
       1.524974276897e+00       7.007036241646e-01 
       1.560496600546e+00       6.499062882521e-01 
       1.596845961592e+00       6.028380900704e-01 
       1.634041749887e+00       5.591578472191e-01 
       1.672103768469e+00       5.186667725702e-01 
       1.711052253972e+00       4.810843636706e-01 
       1.750907894831e+00       4.462175873090e-01 
       1.791691847790e+00       4.138677034987e-01 
       1.833425753128e+00       3.838698426001e-01 
       1.876131748985e+00       3.560380583760e-01 
       1.919832485085e+00       3.302281524282e-01 
       1.964551136101e+00       3.062804733182e-01 
       2.010311414850e+00       2.840717296786e-01 
       2.057137585457e+00       2.634842185180e-01 
       2.105054476604e+00       2.443719089858e-01 
       2.154087494932e+00       2.266570204849e-01 
       2.204262638659e+00       2.102189988929e-01 
       2.255606511455e+00       1.949761408398e-01 
       2.308146336598e+00       1.808399156955e-01 
       2.361909971439e+00       1.677272865646e-01 
       2.416925922191e+00       1.555690149270e-01 
       2.473223359048e+00       1.442861205209e-01 
       2.530832131663e+00       1.338278394067e-01 
       2.589782784972e+00       1.241237267510e-01 
       2.650106575391e+00       1.151243943150e-01 
       2.711835487396e+00       1.067796433620e-01 
       2.775002250470e+00       9.903491153858e-02 
       2.839640356470e+00       9.185330477630e-02 
       2.905784077373e+00       8.519624355875e-02 
       2.973468483457e+00       7.901569100494e-02 
       3.042729461889e+00       7.328363583217e-02 
       3.113603735757e+00       6.796656591015e-02 
       3.186128883540e+00       6.303561835379e-02 
       3.260343359029e+00       5.846003753017e-02 
       3.336286511724e+00       5.421465201259e-02 
       3.413998607688e+00       5.027602489861e-02 
       3.493520850903e+00       4.662186027271e-02 
       3.574895405116e+00       4.323062959470e-02 
       3.658165416192e+00       4.008523191999e-02 
       3.743375034993e+00       3.716740068416e-02 
       3.830569440787e+00       3.445727054115e-02 
       3.919794865202e+00       3.194300028008e-02 
       4.011098616739e+00       2.961223697418e-02 
       4.104529105856e+00       2.744595196841e-02 
       4.200135870635e+00       2.543909385859e-02 
       4.297969603048e+00       2.357360938972e-02 
       4.398082175835e+00       2.184280659326e-02 
       4.500526670007e+00       2.023641505483e-02 
       4.605357402990e+00       1.874541770876e-02 
       4.712629957428e+00       1.736082154864e-02 
       4.822401210649e+00       1.607592092595e-02 
       4.934729364823e+00       1.488498041031e-02 
       5.049673977826e+00       1.377678109504e-02 
       5.167295994811e+00       1.274921225273e-02 
       5.287657780531e+00       1.179507045066e-02 
       5.410823152396e+00       1.090919775615e-02 
       5.536857414317e+00       1.008740103505e-02 
       5.665827391329e+00       9.323736376278e-03 
       5.797801465019e+00       8.616589286439e-03 
       5.932849609789e+00       7.957174854969e-03 
       6.071043429953e+00       7.347649243584e-03 
       6.212456197703e+00       6.780944998719e-03 
       6.357162891960e+00       6.255241965839e-03 
       6.505240238130e+00       5.767310687148e-03 
       6.656766748781e+00       5.314900622689e-03 
       6.811822765276e+00       4.894363655633e-03 
       6.970490500365e+00       4.506423352733e-03 
       7.132854081783e+00       4.143665555529e-03 
       7.298999596850e+00       3.809208435487e-03 
       7.469015138116e+00       3.498129005002e-03 
       7.642990850073e+00       3.210443827945e-03 
       7.821018976946e+00       2.944010042675e-03 
       8.003193911604e+00       2.697235201137e-03 
       8.189612245608e+00       2.466738683787e-03 
       8.380372820427e+00       2.255450625380e-03 
       8.575576779843e+00       2.060096741961e-03 
       8.775327623579e+00       1.878860370907e-03 
       8.979731262176e+00       1.711717613174e-03 
       9.188896073150e+00       1.556480547935e-03 
       9.402932958450e+00       1.414126582159e-03 
       9.621955403268e+00       1.283241130568e-03 
       9.846079536202e+00       1.160488363182e-03 
       1.007542419083e+01       1.048490711263e-03 
       1.031011096874e+01       9.472269569111e-04 
       1.055026430395e+01       8.515413745907e-04 
       1.079601152894e+01       7.648588408043e-04 
       1.104748294214e+01       6.855591001663e-04 
       1.130481187704e+01       6.125319332807e-04 
       1.156813477282e+01       5.463301724158e-04 
       1.183759124679e+01       4.855121425865e-04 
       1.211332416832e+01       4.299426776834e-04 
       1.239547973467e+01       3.798024834922e-04 
       1.268420754845e+01       3.337191706938e-04 
       1.297966069696e+01       2.931969759650e-04 
       1.328199583338e+01       2.550879240763e-04 
       1.359137325980e+01       2.217477540146e-04 
       1.390795701223e+01       1.912318963633e-04 
       1.423191494755e+01       1.648211339273e-04 
       1.456341883257e+01       1.409562033712e-04 
       1.490264443502e+01       1.192426345988e-04 
       1.524977161680e+01       1.011497713281e-04 
       1.560498442936e+01       8.430690235571e-05 
       1.596847121121e+01       6.982571413506e-05 
       1.634042468787e+01       5.745273338096e-05 
       1.672104207399e+01       4.661077459371e-05 
       1.711052517794e+01       3.718640173543e-05 
       1.750908050883e+01       2.952157934750e-05 
       1.791691938597e+01       2.274512548411e-05 
       1.833425805092e+01       1.755876228330e-05 
       1.876131778217e+01       1.289495199258e-05 
       1.919832501245e+01       9.368666373949e-06 
       1.964551144877e+01       6.522822497612e-06 
       2.010311419530e+01       4.352530347402e-06 
       2.057137587907e+01       2.642648471460e-06 
       2.105054477862e+01       1.514904811225e-06 
       2.154087495566e+01       7.054332259384e-07 
       2.204262638972e+01       2.285497026480e-07 
       2.255606511606e+01       3.477081092405e-08 
       2.308146336670e+01       4.864238768354e-09 
       2.361909971473e+01       1.147472379086e-07 
       2.416925922206e+01       2.778571476244e-07 
       2.473223359055e+01       5.213551920041e-07 
       2.530832131666e+01       7.715361568924e-07 
       2.589782784973e+01       1.015192104386e-06 
       2.650106575392e+01       1.232827256196e-06 
       2.711835487396e+01       1.411099227063e-06 
       2.775002250470e+01       1.540698926380e-06 
       2.839640356470e+01       1.617816390833e-06 
       2.905784077373e+01       1.642210060037e-06 
       2.973468483457e+01       1.616755925318e-06 
       3.042729461889e+01       1.546970280944e-06 
       3.113603735757e+01       1.440174207792e-06 
       3.186128883540e+01       1.304924832819e-06 
       3.260343359029e+01       1.150327501768e-06 
       3.336286511724e+01       9.854339606115e-07 
       3.413998607688e+01       8.187800657067e-07 
       3.493520850903e+01       6.579345932088e-07 
       3.574895405116e+01       5.091266420079e-07 
       3.658165416192e+01       3.770899003734e-07 
       3.743375034993e+01       2.649279827081e-07 
       3.830569440787e+01       1.741211144127e-07 
       3.919794865202e+01       1.046506269113e-07 
       4.011098616739e+01       5.519079888854e-08 
       4.104529105856e+01       2.339341430781e-08 
       4.200135870635e+01       6.198798116338e-09 
       4.297969603048e+01       1.746374856727e-10 
       4.398082175835e+01       1.841847169712e-09 
       4.500526670007e+01       7.963880670252e-09 
       4.605357402990e+01       1.577553257372e-08 
       4.712629957428e+01       2.313943442816e-08 
       4.822401210649e+01       2.861826328238e-08 
       4.934729364823e+01       3.146514151253e-08 
       5.049673977826e+01       3.154543696918e-08 
       5.167295994811e+01       2.920273665101e-08 
       5.287657780531e+01       2.509172020773e-08 
       5.410823152396e+01       2.000703823740e-08 
       5.536857414317e+01       1.472855100091e-08 
       5.665827391329e+01       9.895349742279e-09 
       5.797801465019e+01       5.940420988785e-09 
       5.932849609789e+01       3.060225528545e-09 
       6.071043429953e+01       1.239946361155e-09 
       6.212456197703e+01       3.084777116744e-10 
       6.357162891960e+01       8.671242107847e-12 
       6.505240238130e+01       6.907633015274e-11 
       6.656766748781e+01       2.596918110148e-10 
       6.811822765276e+01       4.248135237034e-10 
       6.970490500365e+01       4.905051348602e-10 
       7.132854081783e+01       4.505035197151e-10 
       7.298999596850e+01       3.407147094238e-10 
       7.469015138116e+01       2.104770872798e-10 
       7.642990850073e+01       1.004466932615e-10 
       7.821018976946e+01       3.118914404347e-11 
       8.003193911604e+01       2.779222305695e-12 
       8.189612245608e+01       1.976887063425e-12 
       8.380372820427e+01       1.202087187800e-11 
       8.575576779843e+01       2.029965926292e-11 
       8.775327623579e+01       2.154843734998e-11 
       8.979731262176e+01       1.679977394855e-11 
       9.188896073150e+01       9.913079800917e-12 
       9.402932958450e+01       4.275857089936e-12 
       9.621955403268e+01       1.198936471682e-12 
       9.846079536202e+01       1.563385413782e-13 
       1.007542419083e+02       2.127814232297e-15 
       1.031011096874e+02       1.246581831155e-15 
       1.055026430395e+02       7.830302936861e-14 
       1.079601152894e+02       4.291123565433e-13 
       1.104748294214e+02       1.058024195761e-12 
       1.130481187704e+02       1.670009408903e-12 
       1.156813477282e+02       1.915951464536e-12 
       1.183759124679e+02       1.684557972249e-12 
       1.211332416832e+02       1.156294235870e-12 
       1.239547973467e+02       6.217031009064e-13 
       1.268420754845e+02       2.654387524003e-13 
       1.297966069696e+02       9.997925127455e-14 
       1.328199583338e+02       4.859476159038e-14 
       1.359137325980e+02       4.922769009127e-14 
       1.390795701223e+02       8.294452356988e-14 
       1.423191494755e+02       1.405297368238e-13 
       1.456341883257e+02       1.968871114079e-13 
       1.490264443502e+02       2.231766281425e-13 
       1.524977161680e+02       2.101892396726e-13 
       1.560498442936e+02       1.718415852489e-13 
       1.596847121121e+02       1.289269958846e-13 
       1.634042468787e+02       9.470043699906e-14 
       1.672104207399e+02       7.222904103800e-14 
       1.711052517794e+02       5.932484845212e-14 
       1.750908050883e+02       5.276574130213e-14 
       1.791691938597e+02       5.026378558548e-14 
       1.833425805092e+02       5.017442746418e-14 
       1.876131778217e+02       5.064487812726e-14 
       1.919832501245e+02       4.913234610975e-14 
       1.964551144877e+02       4.371665006760e-14 
       2.010311419530e+02       3.491981252792e-14 
       2.057137587907e+02       2.603427314630e-14 
       2.105054477862e+02       2.032932524729e-14 
       2.154087495566e+02       1.876412168024e-14 
       2.204262638972e+02       2.001966851402e-14 
       2.255606511606e+02       2.099096041777e-14 
       2.308146336670e+02       1.877296197561e-14 
       2.361909971472e+02       1.406386398135e-14 
       2.416925922206e+02       1.016459160903e-14 
       2.473223359055e+02       8.892196229260e-15 
       2.530832131666e+02       9.519684725940e-15 
       2.589782784973e+02       9.768548561767e-15 
       2.650106575392e+02       8.104488049089e-15 
       2.711835487396e+02       5.865455360329e-15 
       2.775002250470e+02       4.856327033989e-15 
       2.839640356470e+02       5.004493518902e-15 
       2.905784077373e+02       4.902024862965e-15 
       2.973468483457e+02       3.857595715069e-15 
       3.042729461889e+02       2.935876838187e-15 
       3.113603735757e+02       2.822564682320e-15 
       3.186128883540e+02       2.833529089432e-15 
       3.260343359029e+02       2.225567789692e-15 
       3.336286511724e+02       1.648286812425e-15 
       3.413998607688e+02       1.672382192057e-15 
       3.493520850903e+02       1.701483108535e-15 
       3.574895405116e+02       1.191842965943e-15 
       3.658165416192e+02       8.774314081849e-16 
       3.743375034993e+02       1.044768494289e-15 
       3.830569440787e+02       9.672169664539e-16 
       3.919794865202e+02       5.564840810381e-16 
       4.011098616739e+02       5.352601707549e-16 
       4.104529105856e+02       6.767915124028e-16 
       4.200135870635e+02       4.115813948353e-16 
       4.297969603048e+02       2.879975465058e-16 
       4.398082175835e+02       4.226249002652e-16 
       4.500526670007e+02       2.819562766072e-16 
       4.605357402990e+02       1.729374683799e-16 
       4.712629957428e+02       2.690648517830e-16 
       4.822401210649e+02       1.639997238105e-16 
       4.934729364823e+02       1.168739213997e-16 
       5.049673977825e+02       1.740491020917e-16 
