# Matter power spectrum P(k) at redshift z=0
# for k=1.04206e-05 to 504.932 h/Mpc,
# number of wavenumbers equal to 739
#    1:k (h/Mpc)              2:P (Mpc/h)^3        
       1.042058721567e-05       4.831004994391e+01 
       1.066331387324e-05       4.939670824893e+01 
       1.091169436098e-05       5.050779987067e+01 
       1.116586037350e-05       5.164388891000e+01 
       1.142594667299e-05       5.280552305991e+01 
       1.169209116064e-05       5.399329338142e+01 
       1.196443494979e-05       5.520777649974e+01 
       1.224312244072e-05       5.644957373046e+01 
       1.252830139723e-05       5.771930138411e+01 
       1.282012302496e-05       5.901758960348e+01 
       1.311874205162e-05       6.034503785624e+01 
       1.342431680896e-05       6.170239449962e+01 
       1.373700931677e-05       6.309031701332e+01 
       1.405698536875e-05       6.450938480387e+01 
       1.438441462043e-05       6.596044487752e+01 
       1.471947067915e-05       6.744410220743e+01 
       1.506233119605e-05       6.896111346488e+01 
       1.541317796033e-05       7.051226166828e+01 
       1.577219699559e-05       7.209831288556e+01 
       1.613957865845e-05       7.372003039193e+01 
       1.651551773956e-05       7.537821164871e+01 
       1.690021356678e-05       7.707369550417e+01 
       1.729387011093e-05       7.880732929385e+01 
       1.769669609393e-05       8.057992126912e+01 
       1.810890509944e-05       8.239242412220e+01 
       1.853071568614e-05       8.424566197389e+01 
       1.896235150357e-05       8.614060036486e+01 
       1.940404141077e-05       8.807815408818e+01 
       1.985601959757e-05       9.005927733353e+01 
       2.031852570878e-05       9.208497253755e+01 
       2.079180497127e-05       9.415622659106e+01 
       2.127610832397e-05       9.627407899850e+01 
       2.177169255092e-05       9.843955445640e+01 
       2.227882041745e-05       1.006537319464e+02 
       2.279776080946e-05       1.029177145674e+02 
       2.332878887601e-05       1.052326145792e+02 
       2.387218617522e-05       1.075995816005e+02 
       2.442824082352e-05       1.100197832469e+02 
       2.499724764846e-05       1.124944257075e+02 
       2.557950834497e-05       1.150247083972e+02 
       2.617533163540e-05       1.176119103317e+02 
       2.678503343313e-05       1.202572982313e+02 
       2.740893701013e-05       1.229621943615e+02 
       2.804737316833e-05       1.257279141775e+02 
       2.870068041503e-05       1.285558343685e+02 
       2.936920514239e-05       1.314473558704e+02 
       3.005330181107e-05       1.344039175506e+02 
       3.075333313816e-05       1.374269720710e+02 
       3.146967028956e-05       1.405179981331e+02 
       3.220269307669e-05       1.436785617806e+02 
       3.295279015794e-05       1.469101959484e+02 
       3.372035924472e-05       1.502145041704e+02 
       3.450580731231e-05       1.535931253460e+02 
       3.530955081568e-05       1.570477293283e+02 
       3.613201591027e-05       1.605800236784e+02 
       3.697363867795e-05       1.641917622576e+02 
       3.783486535827e-05       1.678847081771e+02 
       3.871615258500e-05       1.716607094432e+02 
       3.961796762831e-05       1.755216316871e+02 
       4.054078864245e-05       1.794693620027e+02 
       4.148510491936e-05       1.835058732220e+02 
       4.245141714801e-05       1.876331584831e+02 
       4.344023767995e-05       1.918532501115e+02 
       4.445209080090e-05       1.961682371361e+02 
       4.548751300879e-05       2.005802501885e+02 
       4.654705329817e-05       2.050914724917e+02 
       4.763127345134e-05       2.097041331453e+02 
       4.874074833616e-05       2.144205092134e+02 
       4.987606621091e-05       2.192429315945e+02 
       5.103782903616e-05       2.241737822505e+02 
       5.222665279393e-05       2.292154969881e+02 
       5.344316781430e-05       2.343705713502e+02 
       5.468801910966e-05       2.396415420203e+02 
       5.596186671663e-05       2.450310204939e+02 
       5.726538604608e-05       2.505416641987e+02 
       5.859926824121e-05       2.561761952914e+02 
       5.996422054401e-05       2.619373958723e+02 
       6.136096667026e-05       2.678281105510e+02 
       6.279024719325e-05       2.738512466687e+02 
       6.425281993643e-05       2.800097775435e+02 
       6.574946037522e-05       2.863067422942e+02 
       6.728096204821e-05       2.927452485738e+02 
       6.884813697784e-05       2.993284725983e+02 
       7.045181610101e-05       3.060596607996e+02 
       7.209284970961e-05       3.129421369645e+02 
       7.377210790140e-05       3.199792949100e+02 
       7.549048104128e-05       3.271746025805e+02 
       7.724888023344e-05       3.345316080010e+02 
       7.904823780442e-05       3.420539389728e+02 
       8.088950779740e-05       3.497453027028e+02 
       8.277366647812e-05       3.576094889159e+02 
       8.470171285245e-05       3.656503735006e+02 
       8.667466919609e-05       3.738719156843e+02 
       8.869358159661e-05       3.822781646919e+02 
       9.075952050809e-05       3.908732600936e+02 
       9.287358131869e-05       3.996614325462e+02 
       9.503688493143e-05       4.086470072082e+02 
       9.725057835853e-05       4.178344047507e+02 
       9.951583532953e-05       4.272281447580e+02 
       1.018338569137e-04       4.368328461641e+02 
       1.042058721567e-04       4.466532315172e+02 
       1.066331387324e-04       4.566941261270e+02 
       1.091169436098e-04       4.669604635058e+02 
       1.116586037350e-04       4.774572857694e+02 
       1.142594667299e-04       4.881897468016e+02 
       1.169209116064e-04       4.991631137739e+02 
       1.196443494979e-04       5.103827699005e+02 
       1.224312244072e-04       5.218542176788e+02 
       1.252830139723e-04       5.335830799032e+02 
       1.282012302496e-04       5.455751046425e+02 
       1.311874205162e-04       5.578361644557e+02 
       1.342431680896e-04       5.703722617362e+02 
       1.373700931677e-04       5.831895298874e+02 
       1.405698536875e-04       5.962942376782e+02 
       1.438441462043e-04       6.096927905075e+02 
       1.471947067915e-04       6.233917330474e+02 
       1.506233119605e-04       6.373977533275e+02 
       1.541317796033e-04       6.517176846098e+02 
       1.577219699559e-04       6.663585100546e+02 
       1.613957865845e-04       6.813273626946e+02 
       1.651551773956e-04       6.966315313840e+02 
       1.690021356678e-04       7.122784632428e+02 
       1.729387011093e-04       7.282757650767e+02 
       1.769669609393e-04       7.446312080584e+02 
       1.810890509944e-04       7.613527311741e+02 
       1.853071568614e-04       7.784484442794e+02 
       1.896235150357e-04       7.959266298891e+02 
       1.940404141077e-04       8.137957487729e+02 
       1.985601959757e-04       8.320644422691e+02 
       2.031852570878e-04       8.507415359857e+02 
       2.079180497127e-04       8.698360425962e+02 
       2.127610832397e-04       8.893571657768e+02 
       2.177169255092e-04       9.093143033976e+02 
       2.227882041745e-04       9.297170532809e+02 
       2.279776080946e-04       9.505752129170e+02 
       2.332878887601e-04       9.718987863272e+02 
       2.387218617522e-04       9.936979865110e+02 
       2.442824082352e-04       1.015983238834e+03 
       2.499724764846e-04       1.038765182687e+03 
       2.557950834497e-04       1.062054688661e+03 
       2.617533163540e-04       1.085862834223e+03 
       2.678503343313e-04       1.110200936159e+03 
       2.740893701013e-04       1.135080539998e+03 
       2.804737316833e-04       1.160513426245e+03 
       2.870068041503e-04       1.186511613724e+03 
       2.936920514239e-04       1.213087365734e+03 
       3.005330181107e-04       1.240253190820e+03 
       3.075333313816e-04       1.268021849936e+03 
       3.146967028956e-04       1.296406354927e+03 
       3.220269307669e-04       1.325419978567e+03 
       3.295279015794e-04       1.355076255213e+03 
       3.372035924472e-04       1.385388982734e+03 
       3.450580731231e-04       1.416372229873e+03 
       3.530955081568e-04       1.448040338217e+03 
       3.613201591027e-04       1.480407926794e+03 
       3.697363867795e-04       1.513489891359e+03 
       3.783486535827e-04       1.547301413449e+03 
       3.871615258500e-04       1.581857965647e+03 
       3.961796762831e-04       1.617175306327e+03 
       4.054078864245e-04       1.653269489576e+03 
       4.148510491936e-04       1.690156868157e+03 
       4.245141714801e-04       1.727854095728e+03 
       4.344023767995e-04       1.766378128059e+03 
       4.445209080090e-04       1.805746231809e+03 
       4.548751300879e-04       1.845975982417e+03 
       4.654705329817e-04       1.887085267044e+03 
       4.763127345134e-04       1.929092296238e+03 
       4.874074833616e-04       1.972015579180e+03 
       4.987606621091e-04       2.015873978182e+03 
       5.103782903616e-04       2.060686659446e+03 
       5.222665279393e-04       2.106473118062e+03 
       5.344316781430e-04       2.153253181445e+03 
       5.468801910966e-04       2.201047008308e+03 
       5.596186671663e-04       2.249875092243e+03 
       5.726538604608e-04       2.299758250446e+03 
       5.859926824121e-04       2.350717652637e+03 
       5.996422054401e-04       2.402774798530e+03 
       6.136096667026e-04       2.455951519991e+03 
       6.279024719325e-04       2.510270010548e+03 
       6.425281993643e-04       2.565752774215e+03 
       6.574946037522e-04       2.622422672568e+03 
       6.728096204821e-04       2.680302912672e+03 
       6.884813697784e-04       2.739417025481e+03 
       7.045181610101e-04       2.799788883986e+03 
       7.209284970961e-04       2.861442709890e+03 
       7.377210790140e-04       2.924403037967e+03 
       7.549048104128e-04       2.988694757410e+03 
       7.724888023344e-04       3.054343071551e+03 
       7.904823780442e-04       3.121373497964e+03 
       8.088950779740e-04       3.189811896442e+03 
       8.277366647812e-04       3.259684427862e+03 
       8.470171285245e-04       3.331017548276e+03 
       8.667466919609e-04       3.403838031631e+03 
       8.869358159661e-04       3.478172926793e+03 
       9.075952050809e-04       3.554049569879e+03 
       9.287358131869e-04       3.631495551687e+03 
       9.503688493143e-04       3.710538775813e+03 
       9.725057835853e-04       3.791207306267e+03 
       9.951583532953e-04       3.873529474469e+03 
       1.018338569137e-03       3.957533875519e+03 
       1.042058721567e-03       4.043249221764e+03 
       1.066331387324e-03       4.130704464870e+03 
       1.091169436098e-03       4.219928698985e+03 
       1.116586037350e-03       4.310951156565e+03 
       1.142594667299e-03       4.403801202324e+03 
       1.169209116064e-03       4.498508299832e+03 
       1.196443494979e-03       4.595102025542e+03 
       1.224312244072e-03       4.693611920394e+03 
       1.252830139723e-03       4.794067648510e+03 
       1.282012302496e-03       4.896498889459e+03 
       1.311874205162e-03       5.000935200265e+03 
       1.342431680896e-03       5.107405965612e+03 
       1.373700931677e-03       5.215941219554e+03 
       1.405698536875e-03       5.326569779792e+03 
       1.438441462043e-03       5.439321207997e+03 
       1.471947067915e-03       5.554224350453e+03 
       1.506233119605e-03       5.671308020416e+03 
       1.541317796033e-03       5.790600934607e+03 
       1.577219699559e-03       5.912131225441e+03 
       1.613957865845e-03       6.035926863507e+03 
       1.651551773956e-03       6.162015221573e+03 
       1.690021356678e-03       6.290423453716e+03 
       1.729387011093e-03       6.421178095284e+03 
       1.769669609393e-03       6.554305050943e+03 
       1.810890509944e-03       6.689829803777e+03 
       1.853071568614e-03       6.827776940565e+03 
       1.896235150357e-03       6.968170485461e+03 
       1.940404141077e-03       7.111033554284e+03 
       1.985601959757e-03       7.256388257378e+03 
       2.031852570878e-03       7.404256142366e+03 
       2.079180497127e-03       7.554657696606e+03 
       2.127610832397e-03       7.707612002674e+03 
       2.177169255092e-03       7.863137344306e+03 
       2.227882041745e-03       8.021250711033e+03 
       2.279776080946e-03       8.181967714423e+03 
       2.332878887601e-03       8.345302742163e+03 
       2.387218617522e-03       8.511268689088e+03 
       2.442824082352e-03       8.679876735483e+03 
       2.499724764846e-03       8.851136573328e+03 
       2.557950834497e-03       9.025055672345e+03 
       2.617533163540e-03       9.201642039033e+03 
       2.678503343313e-03       9.380897097749e+03 
       2.740893701013e-03       9.562824611139e+03 
       2.804737316833e-03       9.747424591877e+03 
       2.870068041503e-03       9.934694119891e+03 
       2.936920514239e-03       1.012462763854e+04 
       3.005330181107e-03       1.031722206633e+04 
       3.075333313816e-03       1.051246204840e+04 
       3.146967028956e-03       1.071034040570e+04 
       3.220269307669e-03       1.091083785678e+04 
       3.295279015794e-03       1.111435816814e+04 
       3.372035924472e-03       1.132051682761e+04 
       3.450580731231e-03       1.152921973789e+04 
       3.530955081568e-03       1.174043684056e+04 
       3.613201591027e-03       1.195413472006e+04 
       3.697363867795e-03       1.217027775041e+04 
       3.783486535827e-03       1.238882518641e+04 
       3.871615258500e-03       1.260973412707e+04 
       3.961796762831e-03       1.283295796337e+04 
       4.054078864245e-03       1.305844508509e+04 
       4.148510491936e-03       1.328614066121e+04 
       4.245141714801e-03       1.351598453602e+04 
       4.344023767995e-03       1.374791312593e+04 
       4.445209080090e-03       1.398185701327e+04 
       4.548751300879e-03       1.421774322950e+04 
       4.654705329817e-03       1.445549207086e+04 
       4.763127345134e-03       1.469501443047e+04 
       4.874074833616e-03       1.493621831146e+04 
       4.987606621091e-03       1.517902575422e+04 
       5.103782903616e-03       1.542333020011e+04 
       5.222665279393e-03       1.566901716256e+04 
       5.344316781430e-03       1.591597863324e+04 
       5.468801910966e-03       1.616408617164e+04 
       5.596186671663e-03       1.641321913919e+04 
       5.726538604608e-03       1.666323952457e+04 
       5.859926824121e-03       1.691400771781e+04 
       5.996422054401e-03       1.716538293714e+04 
       6.136096667026e-03       1.741720167891e+04 
       6.279024719325e-03       1.766930608606e+04 
       6.425281993643e-03       1.792152568647e+04 
       6.574946037522e-03       1.817368439172e+04 
       6.728096204821e-03       1.842559717797e+04 
       6.884813697784e-03       1.867706992565e+04 
       7.045181610101e-03       1.892790398630e+04 
       7.209284970961e-03       1.917788713641e+04 
       7.377210790140e-03       1.942680312591e+04 
       7.549048104128e-03       1.967442219448e+04 
       7.724888023344e-03       1.992051745184e+04 
       7.904823780442e-03       2.016483126690e+04 
       8.088950779740e-03       2.040710826402e+04 
       8.277366647812e-03       2.064711081031e+04 
       8.470171285245e-03       2.088454345677e+04 
       8.667466919609e-03       2.111913365846e+04 
       8.869358159661e-03       2.135059453699e+04 
       9.075952050809e-03       2.157862216751e+04 
       9.287358131869e-03       2.180291340319e+04 
       9.503688493143e-03       2.202314542253e+04 
       9.725057835853e-03       2.223899027562e+04 
       9.951583532953e-03       2.245011510492e+04 
       1.018338569137e-02       2.265617068038e+04 
       1.042058721567e-02       2.285682010354e+04 
       1.066331387324e-02       2.305167460494e+04 
       1.091169436098e-02       2.324038260562e+04 
       1.116586037350e-02       2.342255903576e+04 
       1.142594667299e-02       2.359781752685e+04 
       1.169209116064e-02       2.376576566884e+04 
       1.196443494979e-02       2.392600197619e+04 
       1.224312244072e-02       2.407810818434e+04 
       1.252830139723e-02       2.422169724737e+04 
       1.282012302496e-02       2.435634418883e+04 
       1.311874205162e-02       2.448163042949e+04 
       1.342431680896e-02       2.459711482663e+04 
       1.373700931677e-02       2.470239532397e+04 
       1.405698536875e-02       2.479704769344e+04 
       1.438441462043e-02       2.488062063907e+04 
       1.471947067916e-02       2.495272953232e+04 
       1.506233119607e-02       2.501291930805e+04 
       1.541317796038e-02       2.506081987887e+04 
       1.577219699569e-02       2.509600400553e+04 
       1.613957865871e-02       2.511809032853e+04 
       1.651551774013e-02       2.512668186190e+04 
       1.690021356802e-02       2.512144764659e+04 
       1.729387011362e-02       2.510200414945e+04 
       1.769669609961e-02       2.506805331376e+04 
       1.810890511121e-02       2.501928899441e+04 
       1.853071571007e-02       2.495544108236e+04 
       1.896235155134e-02       2.487624911389e+04 
       1.940404150437e-02       2.478149576449e+04 
       1.985601977765e-02       2.467104436076e+04 
       2.031852604917e-02       2.454472556974e+04 
       2.079180560356e-02       2.440249465948e+04 
       2.127610947863e-02       2.424430789014e+04 
       2.177169462464e-02       2.407013799923e+04 
       2.227882408141e-02       2.388010774932e+04 
       2.279776718051e-02       2.367436263586e+04 
       2.332879978236e-02       2.345310401516e+04 
       2.387220456198e-02       2.321642225692e+04 
       2.442827136112e-02       2.296491599570e+04 
       2.499729763044e-02       2.269889222533e+04 
       2.557958899131e-02       2.241883887466e+04 
       2.617545995415e-02       2.212529489894e+04 
       2.678523483815e-02       2.181893958170e+04 
       2.740924894485e-02       2.150048594310e+04 
       2.804785004654e-02       2.117072553129e+04 
       2.870140025676e-02       2.083054510791e+04 
       2.937027835614e-02       2.048089553473e+04 
       3.005488264928e-02       2.012281363903e+04 
       3.075563442845e-02       1.975734341757e+04 
       3.147298211485e-02       1.938568384354e+04 
       3.220740613936e-02       1.900894161790e+04 
       3.295942460959e-02       1.862844826620e+04 
       3.372959979028e-02       1.824536550557e+04 
       3.451854539861e-02       1.786104710559e+04 
       3.532693468561e-02       1.747685654567e+04 
       3.615550924137e-02       1.709397211059e+04 
       3.700508842450e-02       1.671374601841e+04 
       3.787657927878e-02       1.633745707166e+04 
       3.877098676200e-02       1.596633394071e+04 
       3.968942407593e-02       1.560157353573e+04 
       4.063312285327e-02       1.524431866039e+04 
       4.160344292866e-02       1.489564485804e+04 
       4.260188139700e-02       1.455653333843e+04 
       4.363008064528e-02       1.422787403336e+04 
       4.468983503401e-02       1.391047612390e+04 
       4.578309590318e-02       1.360491081007e+04 
       4.691197458705e-02       1.331178983193e+04 
       4.807874314385e-02       1.303134432864e+04 
       4.928583254353e-02       1.276366268256e+04 
       5.053582811119e-02       1.250856634989e+04 
       5.183146209837e-02       1.226556986279e+04 
       5.317560334913e-02       1.203392951915e+04 
       5.457124414291e-02       1.181226439265e+04 
       5.602148442730e-02       1.159892416014e+04 
       5.752951379501e-02       1.139164996007e+04 
       5.909859170063e-02       1.118766637067e+04 
       6.073202654301e-02       1.098362922559e+04 
       6.243315434378e-02       1.077571934148e+04 
       6.420531782064e-02       1.055966228726e+04 
       6.605184667450e-02       1.033093564233e+04 
       6.797603987761e-02       1.008499672776e+04 
       6.998115066535e-02       9.817662957363e+03 
       7.207037480480e-02       9.525448016630e+03 
       7.424684254919e-02       9.206059237695e+03 
       7.651361450562e-02       8.858856146614e+03 
       7.887368145918e-02       8.485278140513e+03 
       8.132996802669e-02       8.089080917185e+03 
       8.388533986883e-02       7.676428659167e+03 
       8.654261407852e-02       7.255647699513e+03 
       8.930457228944e-02       6.836740339220e+03 
       9.217397601012e-02       6.430547277385e+03 
       9.515358368174e-02       6.047742489138e+03 
       9.824616897553e-02       5.697691920659e+03 
       1.014545398819e-01       5.387378151912e+03 
       1.047815581903e-01       5.120470507899e+03 
       1.082301590125e-01       4.896682267223e+03 
       1.118033700561e-01       4.711461026392e+03 
       1.155043304048e-01       4.556090203241e+03 
       1.193363086125e-01       4.418321364793e+03 
       1.233027199559e-01       4.283725545714e+03 
       1.274071427248e-01       4.137858935365e+03 
       1.316533334564e-01       3.969053399398e+03 
       1.360452410373e-01       3.771217636613e+03 
       1.405870196101e-01       3.545746847318e+03 
       1.452830402225e-01       3.301627270941e+03 
       1.501379011563e-01       3.053511139918e+03 
       1.551564368621e-01       2.818136101038e+03 
       1.603437254093e-01       2.610104903178e+03 
       1.657050943372e-01       2.438219187056e+03 
       1.712461247665e-01       2.303282299490e+03 
       1.769726535926e-01       2.197940486752e+03 
       1.828907735480e-01       2.108697982115e+03 
       1.890068308755e-01       2.020208850835e+03 
       1.953274203081e-01       1.917681268485e+03 
       2.018593770068e-01       1.795419906702e+03 
       2.086097650576e-01       1.658784663186e+03 
       2.155858620839e-01       1.520876058256e+03 
       2.227951394883e-01       1.395345222280e+03 
       2.302452378027e-01       1.290939689095e+03 
       2.379439366012e-01       1.208763241238e+03 
       2.458991184178e-01       1.141531457074e+03 
       2.541187261231e-01       1.077235658326e+03 
       2.626107132462e-01       1.006563953096e+03 
       2.713829867949e-01       9.278544177580e+02 
       2.804433422355e-01       8.471311990310e+02 
       2.897993904424e-01       7.738376353756e+02 
       2.994584766425e-01       7.131095328649e+02 
       3.094275916460e-01       6.625913831845e+02 
       3.197132760025e-01       6.159466796936e+02 
       3.303215181400e-01       5.677061096143e+02 
       3.412576480373e-01       5.179119049540e+02 
       3.525262285569e-01       4.708001421696e+02 
       3.641309471948e-01       4.298148489063e+02 
       3.760745116864e-01       3.946216495393e+02 
       3.883585535980e-01       3.619010869306e+02 
       4.009835446916e-01       3.297966543070e+02 
       4.139487314190e-01       2.989989681283e+02 
       4.272520932918e-01       2.712653281704e+02 
       4.408903310155e-01       2.468213527732e+02 
       4.548588900603e-01       2.246684322600e+02 
       4.691520246847e-01       2.037885982126e+02 
       4.837629062641e-01       1.843614599070e+02 
       4.986837780631e-01       1.669780504570e+02 
       5.139061563618e-01       1.515043505057e+02 
       5.294210751862e-01       1.373790993199e+02 
       5.452193689889e-01       1.243938689889e+02 
       5.612919847073e-01       1.127117286646e+02 
       5.776303120142e-01       1.022853076398e+02 
       5.942265185621e-01       9.288147636023e+01 
       6.110738758984e-01       8.436587120245e+01 
       6.281670616757e-01       7.671346590190e+01 
       6.455024248716e-01       6.986585949907e+01 
       6.630782028662e-01       6.371383328293e+01 
       6.808946822010e-01       5.817433793270e+01 
       6.989542983207e-01       5.319678379507e+01 
       7.172616732154e-01       4.873093008932e+01 
       7.358235932849e-01       4.471270434025e+01 
       7.546489326422e-01       4.109077028040e+01 
       7.737485292802e-01       3.782568600296e+01 
       7.931350229644e-01       3.487909303965e+01 
       8.128226644063e-01       3.221500153914e+01 
       8.328271053201e-01       2.979982451830e+01 
       8.531651785011e-01       2.760776683478e+01 
       8.738546762382e-01       2.561245669316e+01 
       8.949141343305e-01       2.379437348044e+01 
       9.163626278193e-01       2.213260141738e+01 
       9.382195833637e-01       2.060967662190e+01 
       9.605046120288e-01       1.921015957799e+01 
       9.832373651479e-01       1.792057421210e+01 
       1.006437414889e+00       1.672863757083e+01 
       1.030124160193e+00       1.562421156467e+01 
       1.054316757889e+00       1.459789816147e+01 
       1.079034077993e+00       1.364130994897e+01 
       1.104294681556e+00       1.274771323565e+01 
       1.130116818826e+00       1.191183889033e+01 
       1.156518445108e+00       1.112769231740e+01 
       1.183517251375e+00       1.039119308568e+01 
       1.211130706590e+00       9.698459708349e+00 
       1.239376108657e+00       9.046837350370e+00 
       1.268270641089e+00       8.432244761587e+00 
       1.297831432706e+00       7.854337830752e+00 
       1.328075618038e+00       7.310240033326e+00 
       1.359020396476e+00       6.798743120270e+00 
       1.390683088672e+00       6.318506088188e+00 
       1.423081189111e+00       5.867825542069e+00 
       1.456232414157e+00       5.446123526290e+00 
       1.490154745277e+00       5.052109834158e+00 
       1.524866467422e+00       4.684569700721e+00 
       1.560386202775e+00       4.342291265755e+00 
       1.596732940262e+00       4.024369119396e+00 
       1.633926061329e+00       3.729257131601e+00 
       1.671985362514e+00       3.455860631133e+00 
       1.710931075388e+00       3.202609531545e+00 
       1.750783884384e+00       2.968304042516e+00 
       1.791564943004e+00       2.751418066811e+00 
       1.833295888818e+00       2.550663150138e+00 
       1.875998857620e+00       2.364829481047e+00 
       1.919696497025e+00       2.192578833822e+00 
       1.964411979742e+00       2.032823809321e+00 
       2.010169016707e+00       1.884572559060e+00 
       2.056991870202e+00       1.746914733482e+00 
       2.104905367077e+00       1.619024963327e+00 
       2.153934912129e+00       1.500198067211e+00 
       2.204106501710e+00       1.389812488821e+00 
       2.255446737590e+00       1.287324050842e+00 
       2.307982841113e+00       1.192223972181e+00 
       2.361742667650e+00       1.104027425756e+00 
       2.416754721394e+00       1.022290617777e+00 
       2.473048170471e+00       9.465812070049e-01 
       2.530652862419e+00       8.764693957022e-01 
       2.589599340011e+00       8.115246355840e-01 
       2.649918857448e+00       7.513649942957e-01 
       2.711643396940e+00       6.956194302366e-01 
       2.774805685653e+00       6.439419608417e-01 
       2.839439213070e+00       5.960419358022e-01 
       2.905578248741e+00       5.516329425291e-01 
       2.973257860460e+00       5.104743669272e-01 
       3.042513932853e+00       4.723210199965e-01 
       3.113383186405e+00       4.369780844308e-01 
       3.185903196933e+00       4.042926607438e-01 
       3.260112415506e+00       3.739890797202e-01 
       3.336050188835e+00       3.459544228593e-01 
       3.413756780132e+00       3.199995874119e-01 
       3.493273390460e+00       2.959723256377e-01 
       3.574642180578e+00       2.737232063394e-01 
       3.657906293297e+00       2.531205952090e-01 
       3.743109876350e+00       2.340488357750e-01 
       3.830298105806e+00       2.164074880346e-01 
       3.919517210018e+00       2.000763458452e-01 
       4.010814494135e+00       1.849651888902e-01 
       4.104238365186e+00       1.709871275054e-01 
       4.199838357745e+00       1.580567443141e-01 
       4.297665160192e+00       1.460941334933e-01 
       4.397770641594e+00       1.350207435978e-01 
       4.500207879201e+00       1.247829351537e-01 
       4.605031186593e+00       1.153133389462e-01 
       4.712296142475e+00       1.065599331376e-01 
       4.822059620146e+00       9.846327310191e-02 
       4.934379817656e+00       9.097099063726e-02 
       5.049316288659e+00       8.405524758334e-02 
       5.166929973994e+00       7.765413586371e-02 
       5.287283233993e+00       7.173282001972e-02 
       5.410439881549e+00       6.626256278810e-02 
       5.536465215945e+00       6.121140292395e-02 
       5.665426057483e+00       5.653738603206e-02 
       5.797390782907e+00       5.221552682550e-02 
       5.932429361661e+00       4.822529996313e-02 
       6.070613392989e+00       4.453618592422e-02 
       6.212016143891e+00       4.112515627331e-02 
       6.356712587979e+00       3.797678279534e-02 
       6.504779445221e+00       3.506774799673e-02 
       6.656295222627e+00       3.237633366210e-02 
       6.811340255866e+00       2.989895909815e-02 
       6.969996751868e+00       2.759560956292e-02 
       7.132348832406e+00       2.547725113202e-02 
       7.298482578703e+00       2.352427099703e-02 
       7.468486077070e+00       2.171458566498e-02 
       7.642449465612e+00       2.004550741982e-02 
       7.820464982020e+00       1.850895305451e-02 
       8.002627012478e+00       1.708111540222e-02 
       8.189032141706e+00       1.576564037635e-02 
       8.379779204169e+00       1.455688246367e-02 
       8.574969336486e+00       1.343129287018e-02 
       8.774706031049e+00       1.239430283045e-02 
       8.979095190896e+00       1.143862814340e-02 
       9.188245185866e+00       1.055821116827e-02 
       9.402266910054e+00       9.740813866759e-03 
       9.621273840611e+00       8.990120180056e-03 
       9.845382097912e+00       8.295731609513e-03 
       1.007471050712e+01       7.655309284695e-03 
       1.030938066119e+01       7.062633213308e-03 
       1.054951698535e+01       6.520379097300e-03 
       1.079524680306e+01       6.017144674309e-03 
       1.104670040351e+01       5.552469822101e-03 
       1.130401111074e+01       5.123073307877e-03 
       1.156731535428e+01       4.723276847317e-03 
       1.183675274154e+01       4.359994573252e-03 
       1.211246613178e+01       4.022599772886e-03 
       1.239460171188e+01       3.713562591934e-03 
       1.268330907388e+01       3.425210729729e-03 
       1.297874129423e+01       3.161637625072e-03 
       1.328105501502e+01       2.914234462334e-03 
       1.359041052696e+01       2.693647164528e-03 
       1.390697185446e+01       2.482834261131e-03 
       1.423090684251e+01       2.290176066087e-03 
       1.456238724574e+01       2.111827407748e-03 
       1.490158881945e+01       1.947027803051e-03 
       1.524869141279e+01       1.799872093807e-03 
       1.560387906416e+01       1.660000302746e-03 
       1.596734009875e+01       1.531734446058e-03 
       1.633926722841e+01       1.413007174026e-03 
       1.671985765384e+01       1.303785489888e-03 
       1.710931316910e+01       1.202795899738e-03 
       1.750784026868e+01       1.109814285380e-03 
       1.791565025691e+01       1.023730373183e-03 
       1.833295936005e+01       9.447395593177e-04 
       1.875998884091e+01       8.718020444608e-04 
       1.919696511617e+01       8.043772216754e-04 
       1.964411987643e+01       7.419960923757e-04 
       2.010169020908e+01       6.845050562909e-04 
       2.056991872395e+01       6.315004637462e-04 
       2.104905368200e+01       5.826287735949e-04 
       2.153934912693e+01       5.375122571272e-04 
       2.204106501988e+01       4.958976526818e-04 
       2.255446737724e+01       4.574874650439e-04 
       2.307982841176e+01       4.220611348308e-04 
       2.361742667680e+01       3.893700657312e-04 
       2.416754721407e+01       3.591710449189e-04 
       2.473048170477e+01       3.314167244746e-04 
       2.530652862422e+01       3.056461729029e-04 
       2.589599340012e+01       2.819878062795e-04 
       2.649918857449e+01       2.600975874813e-04 
       2.711643396940e+01       2.396800047568e-04 
       2.774805685653e+01       2.212495031060e-04 
       2.839439213070e+01       2.037907486204e-04 
       2.905578248741e+01       1.880600852392e-04 
       2.973257860460e+01       1.734192944378e-04 
       3.042513932853e+01       1.599637782128e-04 
       3.113383186405e+01       1.474425059430e-04 
       3.185903196933e+01       1.359008280001e-04 
       3.260112415506e+01       1.252653537725e-04 
       3.336050188835e+01       1.154554890120e-04 
       3.413756780132e+01       1.063948153205e-04 
       3.493273390460e+01       9.804603543355e-05 
       3.574642180578e+01       9.027746521726e-05 
       3.657906293297e+01       8.315772940629e-05 
       3.743109876350e+01       7.668615216841e-05 
       3.830298105806e+01       7.056305160812e-05 
       3.919517210018e+01       6.504705919352e-05 
       4.010814494135e+01       5.964584827134e-05 
       4.104238365186e+01       5.492679559900e-05 
       4.199838357745e+01       5.055422611268e-05 
       4.297665160192e+01       4.649402976684e-05 
       4.397770641594e+01       4.273149491857e-05 
       4.500207879201e+01       3.924703468602e-05 
       4.605031186593e+01       3.614039856908e-05 
       4.712296142475e+01       3.308869984599e-05 
       4.822059620146e+01       3.042406886304e-05 
       4.934379817656e+01       2.787797559886e-05 
       5.049316288659e+01       2.554952641353e-05 
       5.166929973994e+01       2.343131178768e-05 
       5.287283233993e+01       2.145554515575e-05 
       5.410439881549e+01       1.965159533980e-05 
       5.536465215945e+01       1.795965360402e-05 
       5.665426057483e+01       1.639038051825e-05 
       5.797390782907e+01       1.503736698858e-05 
       5.932429361661e+01       1.367345926419e-05 
       6.070613392989e+01       1.248591527079e-05 
       6.212016143891e+01       1.135617930192e-05 
       6.356712587979e+01       1.033137303689e-05 
       6.504779445221e+01       9.415152306161e-06 
       6.656295222627e+01       8.582298223082e-06 
       6.811340255866e+01       7.682710283134e-06 
       6.969996751868e+01       7.016573687006e-06 
       7.132348832406e+01       6.346702804291e-06 
       7.298482578703e+01       5.709585897050e-06 
       7.468486077069e+01       5.171846522890e-06 
       7.642449465612e+01       4.649558341198e-06 
       7.820464982020e+01       4.151569150365e-06 
       8.002627012478e+01       3.687113687457e-06 
       8.189032141706e+01       3.360461560745e-06 
       8.379779204169e+01       2.994064447351e-06 
       8.574969336486e+01       2.666034043676e-06 
       8.774706031049e+01       2.359476418127e-06 
       8.979095190896e+01       2.114208389225e-06 
       9.188245185866e+01       1.865835758138e-06 
       9.402266910054e+01       1.602182260811e-06 
       9.621273840611e+01       1.410862292760e-06 
       9.845382097912e+01       1.231519306391e-06 
       1.007471050712e+02       1.071432964097e-06 
       1.030938066119e+02       9.363946778978e-07 
       1.054951698535e+02       8.080721949097e-07 
       1.079524680306e+02       6.962738186926e-07 
       1.104670040351e+02       5.851286894113e-07 
       1.130401111074e+02       4.832056562374e-07 
       1.156731535428e+02       4.210414815499e-07 
       1.183675274154e+02       3.511064065963e-07 
       1.211246613178e+02       2.922351158680e-07 
       1.239460171188e+02       2.368825688128e-07 
       1.268330907388e+02       1.847271867722e-07 
       1.297874129423e+02       1.487252899202e-07 
       1.328105501502e+02       1.277768639790e-07 
       1.359041052696e+02       8.937872252455e-08 
       1.390697185446e+02       7.249543608139e-08 
       1.423090684251e+02       5.971417770506e-08 
       1.456238724574e+02       3.610822761409e-08 
       1.490158881945e+02       2.393181459735e-08 
       1.524869141279e+02       1.753333574346e-08 
       1.560387906416e+02       1.205329961146e-08 
       1.596734009875e+02       6.443772068554e-09 
       1.633926722841e+02       2.499044085462e-09 
       1.671985765384e+02       4.543240614467e-10 
       1.710931316910e+02       1.137668287623e-09 
       1.750784026868e+02       1.827630008423e-10 
       1.791565025691e+02       2.882949961706e-10 
       1.833295936005e+02       1.332366366244e-09 
       1.875998884091e+02       7.903800474791e-10 
       1.919696511617e+02       2.333631800316e-09 
       1.964411987643e+02       4.492291549656e-09 
       2.010169020908e+02       4.574050878776e-09 
       2.056991872395e+02       5.822319883150e-09 
       2.104905368200e+02       6.322122398954e-09 
       2.153934912693e+02       1.198952137609e-08 
       2.204106501988e+02       8.621742253844e-09 
       2.255446737724e+02       5.305127055383e-09 
       2.307982841176e+02       8.876563256042e-09 
       2.361742667680e+02       6.294685203745e-09 
       2.416754721407e+02       5.174217452018e-09 
       2.473048170477e+02       4.552984437319e-09 
       2.530652862422e+02       3.865451505312e-09 
       2.589599340012e+02       3.200087972886e-09 
       2.649918857449e+02       2.554257498022e-09 
       2.711643396940e+02       2.019682476860e-09 
       2.774805685653e+02       1.429175399849e-09 
       2.839439213070e+02       9.845829164140e-10 
       2.905578248741e+02       6.281586763832e-10 
       2.973257860460e+02       3.599560152623e-10 
       3.042513932853e+02       1.744594972514e-10 
       3.113383186405e+02       6.182041038814e-11 
       3.185903196933e+02       9.085537656870e-12 
       3.260112415506e+02       1.617744076204e-12 
       3.336050188835e+02       2.446782996818e-11 
       3.413756780132e+02       6.363543530998e-11 
       3.493273390460e+02       1.070992328862e-10 
       3.574642180578e+02       1.455308707106e-10 
       3.657906293297e+02       1.726937369233e-10 
       3.743109876350e+02       1.854445285644e-10 
       3.830298105806e+02       1.834623876703e-10 
       3.919517210018e+02       1.686581983694e-10 
       4.010814494135e+02       1.444855841072e-10 
       4.104238365186e+02       1.151167685564e-10 
       4.199838357745e+02       8.469453936312e-11 
       4.297665160192e+02       5.673894524745e-11 
       4.397770641594e+02       3.372511716929e-11 
       4.500207879201e+02       1.689767262837e-11 
       4.605031186593e+02       6.339662891910e-12 
       4.712296142475e+02       1.191315152514e-12 
       4.822059620146e+02       1.426647020185e-14 
       4.934379817656e+02       1.171412124344e-12 
       5.049316288659e+02       3.171047618546e-12 
