# Matter power spectrum P(k) at redshift z=0
# for k=1.04206e-05 to 504.931 h/Mpc,
# number of wavenumbers equal to 739
#    1:k (h/Mpc)              2:P (Mpc/h)^3        
       1.042057218184e-05       4.833537521945e+01 
       1.066329848923e-05       4.942260346673e+01 
       1.091167861863e-05       5.053426116581e+01 
       1.116584426446e-05       5.167095162804e+01 
       1.142593018872e-05       5.283319073706e+01 
       1.169207429241e-05       5.402158339539e+01 
       1.196441768865e-05       5.523669746401e+01 
       1.224310477751e-05       5.647914950698e+01 
       1.252828332259e-05       5.774954575886e+01 
       1.282010452931e-05       5.904851061219e+01 
       1.311872312515e-05       6.037670444691e+01 
       1.342429744164e-05       6.173476671517e+01 
       1.373698949832e-05       6.312337586823e+01 
       1.405696508867e-05       6.454322979517e+01 
       1.438439386797e-05       6.599499782393e+01 
       1.471944944330e-05       6.747942732391e+01 
       1.506230946556e-05       6.899725165509e+01 
       1.541315572367e-05       7.054921034223e+01 
       1.577217424096e-05       7.213608679084e+01 
       1.613955537381e-05       7.375865877706e+01 
       1.651549391254e-05       7.541771726359e+01 
       1.690018918476e-05       7.711407059868e+01 
       1.729384516098e-05       7.884861470004e+01 
       1.769667056282e-05       8.062214661599e+01 
       1.810887897364e-05       8.243558401139e+01 
       1.853068895179e-05       8.428980549680e+01 
       1.896232414650e-05       8.618573751237e+01 
       1.940401341647e-05       8.812430889735e+01 
       1.985599095119e-05       9.010648121403e+01 
       2.031849639514e-05       9.213323709403e+01 
       2.079177497483e-05       9.420556744286e+01 
       2.127607762882e-05       9.632451932126e+01 
       2.177166114080e-05       9.849113526642e+01 
       2.227878827569e-05       1.007064765300e+02 
       2.279772791902e-05       1.029716440710e+02 
       2.332875521946e-05       1.052877488104e+02 
       2.387215173470e-05       1.076559639684e+02 
       2.442820558078e-05       1.100774318284e+02 
       2.499721158481e-05       1.125533575501e+02 
       2.557947144129e-05       1.150849857080e+02 
       2.617529387212e-05       1.176735383572e+02 
       2.678499479023e-05       1.203203117798e+02 
       2.740889746712e-05       1.230266278255e+02 
       2.804733270425e-05       1.257937940899e+02 
       2.870063900842e-05       1.286231999616e+02 
       2.936916277130e-05       1.315162399752e+02 
       3.005325845302e-05       1.344743455615e+02 
       3.075328877018e-05       1.374989792588e+02 
       3.146962488811e-05       1.405916366548e+02 
       3.220264661771e-05       1.437538467370e+02 
       3.295274261680e-05       1.469871725832e+02 
       3.372031059620e-05       1.502932162314e+02 
       3.450575753062e-05       1.536736097760e+02 
       3.530949987442e-05       1.571300249252e+02 
       3.613196378243e-05       1.606641711333e+02 
       3.697358533591e-05       1.642777956317e+02 
       3.783481077373e-05       1.679726831443e+02 
       3.871609672902e-05       1.717506631115e+02 
       3.961791047127e-05       1.756136022112e+02 
       4.054073015406e-05       1.795634083178e+02 
       4.148504506860e-05       1.836020373221e+02 
       4.245135590315e-05       1.877314840551e+02 
       4.344017500850e-05       1.919537868242e+02 
       4.445202666965e-05       1.962710359366e+02 
       4.548744738373e-05       2.006853623400e+02 
       4.654698614451e-05       2.051989495242e+02 
       4.763120473347e-05       2.098140278949e+02 
       4.874067801765e-05       2.145328755055e+02 
       4.987599425447e-05       2.193578252514e+02 
       5.103775540364e-05       2.242912605191e+02 
       5.222657744628e-05       2.293356212480e+02 
       5.344309071159e-05       2.344933920328e+02 
       5.468794021099e-05       2.397671276858e+02 
       5.596178598018e-05       2.451594309093e+02 
       5.726530342903e-05       2.506729634419e+02 
       5.859918369976e-05       2.563104479563e+02 
       5.996413403334e-05       2.620746699639e+02 
       6.136087814450e-05       2.679684731084e+02 
       6.279015660546e-05       2.739947674765e+02 
       6.425272723857e-05       2.801565263694e+02 
       6.574936551816e-05       2.864567930191e+02 
       6.728086498164e-05       2.928986750794e+02 
       6.884803765030e-05       2.994853484952e+02 
       7.045171445983e-05       3.062200689284e+02 
       7.209274570091e-05       3.131061528804e+02 
       7.377200147002e-05       3.201470002982e+02 
       7.549037213080e-05       3.273460824039e+02 
       7.724876878611e-05       3.347069460564e+02 
       7.904812376114e-05       3.422332221041e+02 
       8.088939109772e-05       3.499286192331e+02 
       8.277354706015e-05       3.577969310482e+02 
       8.470159065288e-05       3.658420312347e+02 
       8.667454415012e-05       3.740678865267e+02 
       8.869345363795e-05       3.824785454370e+02 
       9.075938956889e-05       3.910781492931e+02 
       9.287344732953e-05       3.998709320209e+02 
       9.503674782126e-05       4.088612210801e+02 
       9.725043805465e-05       4.180534389163e+02 
       9.951569175755e-05       4.274521077980e+02 
       1.018337099975e-04       4.370618495354e+02 
       1.042057218184e-04       4.468873875165e+02 
       1.066329848923e-04       4.569335518645e+02 
       1.091167861863e-04       4.672052773683e+02 
       1.116584426446e-04       4.777076092453e+02 
       1.142593018872e-04       4.884457041367e+02 
       1.169207429241e-04       4.994248313839e+02 
       1.196441768865e-04       5.106503781686e+02 
       1.224310477751e-04       5.221278488794e+02 
       1.252828332259e-04       5.338628702363e+02 
       1.282010452931e-04       5.458611923341e+02 
       1.311872312515e-04       5.581286921097e+02 
       1.342429744164e-04       5.706713743220e+02 
       1.373698949832e-04       5.834953762428e+02 
       1.405696508867e-04       5.966069692110e+02 
       1.438439386797e-04       6.100125620691e+02 
       1.471944944330e-04       6.237187040186e+02 
       1.506230946556e-04       6.377320857941e+02 
       1.541315572367e-04       6.520595449703e+02 
       1.577217424096e-04       6.667080678920e+02 
       1.613955537381e-04       6.816847916771e+02 
       1.651549391254e-04       6.969970094811e+02 
       1.690018918476e-04       7.126521721758e+02 
       1.729384516098e-04       7.286578905461e+02 
       1.769667056282e-04       7.450219398747e+02 
       1.810887897364e-04       7.617522639763e+02 
       1.853068895178e-04       7.788569767455e+02 
       1.896232414650e-04       7.963443652103e+02 
       1.940401341647e-04       8.142228957778e+02 
       1.985599095119e-04       8.325012127490e+02 
       2.031849639514e-04       8.511881479457e+02 
       2.079177497483e-04       8.702927181727e+02 
       2.127607762882e-04       8.898241334668e+02 
       2.177166114080e-04       9.097917961626e+02 
       2.227878827569e-04       9.302053084871e+02 
       2.279772791902e-04       9.510744744007e+02 
       2.332875521946e-04       9.724093041369e+02 
       2.387215173470e-04       9.942200152466e+02 
       2.442820558078e-04       1.016517039150e+03 
       2.499721158481e-04       1.039311024613e+03 
       2.557947144129e-04       1.062612839490e+03 
       2.617529387212e-04       1.086433576296e+03 
       2.678499479023e-04       1.110784555390e+03 
       2.740889746712e-04       1.135677328333e+03 
       2.804733270425e-04       1.161123682640e+03 
       2.870063900842e-04       1.187135645550e+03 
       2.936916277130e-04       1.213725485632e+03 
       3.005325845302e-04       1.240905719817e+03 
       3.075328877018e-04       1.268689114939e+03 
       3.146962488811e-04       1.297088692939e+03 
       3.220264661771e-04       1.326117732918e+03 
       3.295274261679e-04       1.355789776678e+03 
       3.372031059620e-04       1.386118632063e+03 
       3.450575753062e-04       1.417118375213e+03 
       3.530949987442e-04       1.448803355799e+03 
       3.613196378243e-04       1.481188203531e+03 
       3.697358533591e-04       1.514287822308e+03 
       3.783481077373e-04       1.548117404531e+03 
       3.871609672902e-04       1.582692429535e+03 
       3.961791047127e-04       1.618028667920e+03 
       4.054073015406e-04       1.654142182951e+03 
       4.148504506860e-04       1.691049338376e+03 
       4.245135590315e-04       1.728766797631e+03 
       4.344017500850e-04       1.767311529105e+03 
       4.445202666965e-04       1.806700809332e+03 
       4.548744738373e-04       1.846952225548e+03 
       4.654698614451e-04       1.888083676792e+03 
       4.763120473347e-04       1.930113381553e+03 
       4.874067801765e-04       1.973059878000e+03 
       4.987599425447e-04       2.016942024016e+03 
       5.103775540364e-04       2.061779005458e+03 
       5.222657744628e-04       2.107590331188e+03 
       5.344309071159e-04       2.154395842041e+03 
       5.468794021099e-04       2.202215713216e+03 
       5.596178598018e-04       2.251070448386e+03 
       5.726530342903e-04       2.300980890637e+03 
       5.859918369976e-04       2.351968216652e+03 
       5.996413403334e-04       2.404053944258e+03 
       6.136087814450e-04       2.457259928290e+03 
       6.279015660546e-04       2.511608366509e+03 
       6.425272723857e-04       2.567121795213e+03 
       6.574936551816e-04       2.623823093956e+03 
       6.728086498164e-04       2.681735476547e+03 
       6.884803765030e-04       2.740882505433e+03 
       7.045171445983e-04       2.801288073685e+03 
       7.209274570091e-04       2.862976417586e+03 
       7.377200147002e-04       2.925972105922e+03 
       7.549037213080e-04       2.990300038659e+03 
       7.724876878611e-04       3.055985441487e+03 
       7.904812376114e-04       3.123053875556e+03 
       8.088939109772e-04       3.191531211113e+03 
       8.277354706015e-04       3.261443632438e+03 
       8.470159065288e-04       3.332817638570e+03 
       8.667454415012e-04       3.405680019173e+03 
       8.869345363795e-04       3.480057857103e+03 
       9.075938956889e-04       3.555978520811e+03 
       9.287344732953e-04       3.633469643686e+03 
       9.503674782126e-04       3.712559127036e+03 
       9.725043805465e-04       3.793275100352e+03 
       9.951569175755e-04       3.875645936994e+03 
       1.018337099975e-03       3.959700240295e+03 
       1.042057218184e-03       4.045466788842e+03 
       1.066329848923e-03       4.132974561342e+03 
       1.091167861863e-03       4.222252681162e+03 
       1.116584426446e-03       4.313330460023e+03 
       1.142593018872e-03       4.406237288547e+03 
       1.169207429241e-03       4.501002687972e+03 
       1.196441768865e-03       4.597656251414e+03 
       1.224310477751e-03       4.696227619927e+03 
       1.252828332259e-03       4.796746510353e+03 
       1.282010452931e-03       4.899242592051e+03 
       1.311872312515e-03       5.003745555953e+03 
       1.342429744164e-03       5.110280853817e+03 
       1.373698949832e-03       5.218871290742e+03 
       1.405696508867e-03       5.329556617084e+03 
       1.438439386797e-03       5.442366115881e+03 
       1.471944944330e-03       5.557328810116e+03 
       1.506230946556e-03       5.674473566036e+03 
       1.541315572367e-03       5.793828949565e+03 
       1.577217424096e-03       5.915423266212e+03 
       1.613955537381e-03       6.039284375259e+03 
       1.651549391254e-03       6.165439839508e+03 
       1.690018918476e-03       6.293916735078e+03 
       1.729384516098e-03       6.424741622436e+03 
       1.769667056282e-03       6.557940488640e+03 
       1.810887897364e-03       6.693538734119e+03 
       1.853068895178e-03       6.831561042610e+03 
       1.896232414650e-03       6.972031438243e+03 
       1.940401341647e-03       7.114973003680e+03 
       1.985599095119e-03       7.260408120926e+03 
       2.031849639514e-03       7.408358250773e+03 
       2.079177497483e-03       7.558843536240e+03 
       2.127607762882e-03       7.711883666549e+03 
       2.177166114080e-03       7.867496580428e+03 
       2.227878827569e-03       8.025699369766e+03 
       2.279772791902e-03       8.186507693107e+03 
       2.332875521946e-03       8.349936071249e+03 
       2.387215173470e-03       8.515997264975e+03 
       2.442820558078e-03       8.684702616251e+03 
       2.499721158481e-03       8.856061638209e+03 
       2.557947144129e-03       9.030082736281e+03 
       2.617529387212e-03       9.206771342704e+03 
       2.678499479023e-03       9.386132254990e+03 
       2.740889746712e-03       9.568167534868e+03 
       2.804733270425e-03       9.752877120827e+03 
       2.870063900842e-03       9.940258572087e+03 
       2.936916277130e-03       1.013030795376e+04 
       3.005325845302e-03       1.032301699660e+04 
       3.075328877018e-03       1.051837660924e+04 
       3.146962488811e-03       1.071637495727e+04 
       3.220264661771e-03       1.091699605417e+04 
       3.295274261679e-03       1.112022131267e+04 
       3.372031059620e-03       1.132602977014e+04 
       3.450575753062e-03       1.153439660154e+04 
       3.530949987442e-03       1.174529356282e+04 
       3.613196378243e-03       1.195868847357e+04 
       3.697358533591e-03       1.217454702310e+04 
       3.783481077373e-03       1.239282848853e+04 
       3.871609672902e-03       1.261349197841e+04 
       3.961791047127e-03       1.283648858634e+04 
       4.054073015406e-03       1.306176820910e+04 
       4.148504506860e-03       1.328927334615e+04 
       4.245135590315e-03       1.351894565569e+04 
       4.344017500850e-03       1.375071921819e+04 
       4.445202666965e-03       1.398452443658e+04 
       4.548744738373e-03       1.422028689593e+04 
       4.654698614451e-03       1.445792805343e+04 
       4.763120473347e-03       1.469732550235e+04 
       4.874067801765e-03       1.493844710474e+04 
       4.987599425447e-03       1.518119004422e+04 
       5.103775540364e-03       1.542542483264e+04 
       5.222657744628e-03       1.567100665045e+04 
       5.344309071159e-03       1.591795443966e+04 
       5.468794021099e-03       1.616608001925e+04 
       5.596178598018e-03       1.641521507254e+04 
       5.726530342903e-03       1.666450077653e+04 
       5.859918369976e-03       1.691529953134e+04 
       5.996413403334e-03       1.716667334477e+04 
       6.136087814450e-03       1.741850321670e+04 
       6.279015660546e-03       1.767078546313e+04 
       6.425272723857e-03       1.792345416977e+04 
       6.574936551816e-03       1.817553484422e+04 
       6.728086498164e-03       1.842743954427e+04 
       6.884803765030e-03       1.867896033852e+04 
       7.045171445983e-03       1.892985863246e+04 
       7.209274570091e-03       1.917985821910e+04 
       7.377200147002e-03       1.942878688883e+04 
       7.549037213080e-03       1.967646471773e+04 
       7.724876878611e-03       1.992311681462e+04 
       7.904812376114e-03       2.016748756680e+04 
       8.088939109772e-03       2.040983661848e+04 
       8.277354706015e-03       2.064995093973e+04 
       8.470159065288e-03       2.088748780607e+04 
       8.667454415012e-03       2.112218729178e+04 
       8.869345363795e-03       2.135374267371e+04 
       9.075938956889e-03       2.158186181422e+04 
       9.287344732953e-03       2.180626470060e+04 
       9.503674782126e-03       2.202663375310e+04 
       9.725043805465e-03       2.224265020414e+04 
       9.951569175755e-03       2.245388767529e+04 
       1.018337099975e-02       2.266008576988e+04 
       1.042057218184e-02       2.286089848080e+04 
       1.066329848923e-02       2.305598673931e+04 
       1.091167861863e-02       2.324478655163e+04 
       1.116584426446e-02       2.342715325608e+04 
       1.142593018872e-02       2.360267391271e+04 
       1.169207429241e-02       2.377073711390e+04 
       1.196441768865e-02       2.393112281981e+04 
       1.224310477751e-02       2.408347744469e+04 
       1.252828332259e-02       2.422729149442e+04 
       1.282010452931e-02       2.436217735668e+04 
       1.311872312515e-02       2.448772919853e+04 
       1.342429744164e-02       2.460342132699e+04 
       1.373698949832e-02       2.470894270053e+04 
       1.405696508867e-02       2.480394657219e+04 
       1.438439386797e-02       2.488773169287e+04 
       1.471944944330e-02       2.496016168455e+04 
       1.506230946558e-02       2.502063862163e+04 
       1.541315572371e-02       2.506882264086e+04 
       1.577217424107e-02       2.510361199129e+04 
       1.613955537406e-02       2.512675617906e+04 
       1.651549391311e-02       2.513487540277e+04 
       1.690018918601e-02       2.513087750142e+04 
       1.729384516368e-02       2.511169002955e+04 
       1.769667056852e-02       2.507814117629e+04 
       1.810887898544e-02       2.502987143126e+04 
       1.853068897578e-02       2.496638948135e+04 
       1.896232419439e-02       2.488752424480e+04 
       1.940401351030e-02       2.479320694938e+04 
       1.985599113172e-02       2.468316865449e+04 
       2.031849673634e-02       2.455660077628e+04 
       2.079177560859e-02       2.441566514901e+04 
       2.127607878609e-02       2.425693379358e+04 
       2.177166321905e-02       2.408349205524e+04 
       2.227879194743e-02       2.389387779990e+04 
       2.279773430320e-02       2.368873719697e+04 
       2.332876614762e-02       2.346814345109e+04 
       2.387217015714e-02       2.323211801187e+04 
       2.442823617584e-02       2.298174936253e+04 
       2.499726165799e-02       2.271566463102e+04 
       2.557955223028e-02       2.243639832368e+04 
       2.617542241085e-02       2.214399952608e+04 
       2.678519652978e-02       2.183775355656e+04 
       2.740920990374e-02       2.152000968615e+04 
       2.804781032552e-02       2.119108632422e+04 
       2.870135993613e-02       2.085156863783e+04 
       2.937023755225e-02       2.050271605763e+04 
       3.005484152519e-02       2.014529270555e+04 
       3.075559320676e-02       1.978064492952e+04 
       3.147294109297e-02       1.940979245287e+04 
       3.220736570731e-02       1.903385302307e+04 
       3.295938527051e-02       1.865419705250e+04 
       3.372956218355e-02       1.827187873586e+04 
       3.451851032541e-02       1.788845041407e+04 
       3.532690313687e-02       1.750511652159e+04 
       3.615548242745e-02       1.712321921553e+04 
       3.700506780631e-02       1.674389328472e+04 
       3.787656659955e-02       1.636847171025e+04 
       3.877098407895e-02       1.599838441401e+04 
       3.968943379088e-02       1.563462490133e+04 
       4.063314774132e-02       1.527838624245e+04 
       4.160348616365e-02       1.493081913440e+04 
       4.260194657278e-02       1.459279088681e+04 
       4.363017179152e-02       1.426531369057e+04 
       4.468995662542e-02       1.394917453992e+04 
       4.578325286104e-02       1.364494892564e+04 
       4.691217227199e-02       1.335330441523e+04 
       4.807898733904e-02       1.307394383987e+04 
       4.928612942750e-02       1.280762488457e+04 
       5.053618422002e-02       1.255408620489e+04 
       5.183188427704e-02       1.231312808646e+04 
       5.317609869246e-02       1.208324637164e+04 
       5.457181992692e-02       1.186321418595e+04 
       5.602214803235e-02       1.165214807371e+04 
       5.753027262252e-02       1.144706222180e+04 
       5.909945308596e-02       1.124502481408e+04 
       6.073299766707e-02       1.104362809644e+04 
       6.243424214662e-02       1.083781274571e+04 
       6.420652892016e-02       1.062447971716e+04 
       6.605318729337e-02       1.039840735677e+04 
       6.797751578115e-02       1.015527336220e+04 
       6.998276711268e-02       9.890365732871e+03 
       7.207213651499e-02       9.601022625516e+03 
       7.424875368322e-02       9.284386919128e+03 
       7.651567866437e-02       8.939866625205e+03 
       7.887590169689e-02       8.568927642164e+03 
       8.133234687874e-02       8.175319568110e+03 
       8.388787939224e-02       7.764959794194e+03 
       8.654531590305e-02       7.346937055869e+03 
       8.930743767737e-02       6.930394283180e+03 
       9.217700592231e-02       6.526554177145e+03 
       9.515677884797e-02       6.146261041696e+03 
       9.824952996714e-02       5.799024966069e+03 
       1.014580671849e-01       5.491678069047e+03 
       1.047852522776e-01       5.228146874012e+03 
       1.082340204139e-01       5.008218553153e+03 
       1.118073994246e-01       4.827083282120e+03 
       1.155085285797e-01       4.676366292139e+03 
       1.193406766769e-01       4.543535755470e+03 
       1.233072592894e-01       4.414027613562e+03 
       1.274118550508e-01       4.273070917785e+03 
       1.316582208834e-01       4.108771404373e+03 
       1.360503060947e-01       3.914760954048e+03 
       1.405922652775e-01       3.692695652562e+03 
       1.452884699530e-01       3.450957005871e+03 
       1.501435188939e-01       3.205089173038e+03 
       1.551622470520e-01       2.971619437337e+03 
       1.603497330019e-01       2.765844182026e+03 
       1.657113047847e-01       2.596893362791e+03 
       1.712525440119e-01       2.465682535916e+03 
       1.769792880510e-01       2.364853318596e+03 
       1.828976300786e-01       2.280626953223e+03 
       1.890139167439e-01       2.196975771595e+03 
       1.953347431375e-01       2.098572970094e+03 
       2.018669447180e-01       1.978985817269e+03 
       2.086175857947e-01       1.843849061646e+03 
       2.155939441258e-01       1.706742160465e+03 
       2.228034911432e-01       1.582066783099e+03 
       2.302538672854e-01       1.479116330925e+03 
       2.379528518896e-01       1.399352534097e+03 
       2.459083270887e-01       1.335283139085e+03 
       2.541282351649e-01       1.273850854789e+03 
       2.626205288470e-01       1.205019595094e+03 
       2.713931141062e-01       1.126695713224e+03 
       2.804537851100e-01       1.045385654266e+03 
       2.898101511471e-01       9.713837808694e+02 
       2.994695555478e-01       9.106176090993e+02 
       3.094389868935e-01       8.606850095253e+02 
       3.197249831561e-01       8.143782851795e+02 
       3.303335298244e-01       7.655226800759e+02 
       3.412699535736e-01       7.139864118613e+02 
       3.525388136034e-01       6.646640597394e+02 
       3.641437934057e-01       6.216519200839e+02 
       3.760875964035e-01       5.847435101733e+02 
       3.883718495914e-01       5.499602874188e+02 
       4.009970199692e-01       5.150640672664e+02 
       4.139623491245e-01       4.808864291080e+02 
       4.272658117126e-01       4.496461360848e+02 
       4.409041037203e-01       4.217660810483e+02 
       4.548726661852e-01       3.960074758689e+02 
       4.691657493812e-01       3.711135088196e+02 
       4.837765213178e-01       3.473608663484e+02 
       4.986972226825e-01       3.255982202159e+02 
       5.139193681277e-01       3.057457361899e+02 
       5.294339911418e-01       2.870895157641e+02 
       5.452319268379e-01       2.694019138146e+02 
       5.613041240786e-01       2.529927903258e+02 
       5.776419757430e-01       2.378691212335e+02 
       5.942376539318e-01       2.237554260011e+02 
       6.110844357863e-01       2.105180019341e+02 
       6.281770055509e-01       1.981848349858e+02 
       6.455117195978e-01       1.867294756102e+02 
       6.630868232763e-01       1.760396161698e+02 
       6.809026114239e-01       1.660372240782e+02 
       6.989615278523e-01       1.566896267856e+02 
       7.172682027449e-01       1.479628398375e+02 
       7.358294302952e-01       1.397927643887e+02 
       7.546540918160e-01       1.321309018019e+02 
       7.737530317482e-01       1.249441164481e+02 
       7.931388954365e-01       1.181983269815e+02 
       8.128259382260e-01       1.118573605303e+02 
       8.328298154815e-01       1.058899673787e+02 
       8.531673626637e-01       1.002675059303e+02 
       8.738563737714e-01       9.496621058406e+01 
       8.949153854120e-01       8.996429280065e+01 
       9.163634726101e-01       8.524030685554e+01 
       9.382200612737e-01       8.077574333094e+01 
       9.605047610841e-01       7.655265464919e+01 
       9.832372214672e-01       7.255500098048e+01 
       1.006437012269e+00       6.876880475621e+01 
       1.030123529806e+00       6.518140019212e+01 
       1.054315928078e+00       6.178054482390e+01 
       1.079033074172e+00       5.855587523292e+01 
       1.104293526190e+00       5.549755278306e+01 
       1.130115531492e+00       5.259620850870e+01 
       1.156517042613e+00       4.984411990500e+01 
       1.183515747929e+00       4.723280625636e+01 
       1.211129114010e+00       4.475496230261e+01 
       1.239374436600e+00       4.240360464164e+01 
       1.268268897290e+00       4.017196459088e+01 
       1.297829623226e+00       3.805410944011e+01 
       1.328073747496e+00       3.604469340453e+01 
       1.359018468274e+00       3.413851703037e+01 
       1.390681105201e+00       3.233013464050e+01 
       1.423079151928e+00       3.061450402753e+01 
       1.456230324149e+00       2.898699117539e+01 
       1.490152602799e+00       2.744386376272e+01 
       1.524864272407e+00       2.598014713062e+01 
       1.560383954829e+00       2.459197529629e+01 
       1.596730638739e+00       2.327499112457e+01 
       1.633923705389e+00       2.202725201955e+01 
       1.671982951169e+00       2.084490111083e+01 
       1.710928607536e+00       1.972404271352e+01 
       1.750781358833e+00       1.866185605482e+01 
       1.791562358492e+00       1.765514130018e+01 
       1.833293244023e+00       1.670186608103e+01 
       1.875996151171e+00       1.579814450996e+01 
       1.919693727506e+00       1.494227406092e+01 
       1.964409145696e+00       1.413131025802e+01 
       2.010166116637e+00       1.336325627698e+01 
       2.056988902576e+00       1.263555184858e+01 
       2.104902330323e+00       1.194693346944e+01 
       2.153931804639e+00       1.129538282356e+01 
       2.204103321836e+00       1.067802608621e+01 
       2.255443483647e+00       1.009303883090e+01 
       2.307979511375e+00       9.540138620700e+00 
       2.361739260353e+00       9.016381529041e+00 
       2.416751234730e+00       8.520694542056e+00 
       2.473044602593e+00       8.051791868345e+00 
       2.530649211434e+00       7.608140923529e+00 
       2.589595603983e+00       7.188332054905e+00 
       2.649915034398e+00       6.791184287009e+00 
       2.711639484839e+00       6.415576114367e+00 
       2.774801682427e+00       6.060227082191e+00 
       2.839435116597e+00       5.724216994393e+00 
       2.905574056849e+00       5.406336723803e+00 
       2.973253570927e+00       5.106048980609e+00 
       3.042509543403e+00       4.821933815825e+00 
       3.113378694712e+00       4.552977419128e+00 
       3.185898600615e+00       4.298956833049e+00 
       3.260107712126e+00       4.058881367221e+00 
       3.336045375899e+00       3.831893812639e+00 
       3.413751855088e+00       3.617409468174e+00 
       3.493268350697e+00       3.414820492597e+00 
       3.574637023425e+00       3.223100435972e+00 
       3.657901016018e+00       3.042051146319e+00 
       3.743104476148e+00       2.871004089114e+00 
       3.830292579817e+00       2.709424436148e+00 
       3.919511555311e+00       2.556709560369e+00 
       4.010808707713e+00       2.412513574313e+00 
       4.104232443982e+00       2.276298252892e+00 
       4.199832298618e+00       2.147557889691e+00 
       4.297658959930e+00       2.026074666932e+00 
       4.397764296909e+00       1.911322307411e+00 
       4.500201386729e+00       1.802959920204e+00 
       4.605024542892e+00       1.700624326285e+00 
       4.712289344023e+00       1.604007929977e+00 
       4.822052663338e+00       1.512792572016e+00 
       4.934372698802e+00       1.426687494919e+00 
       5.049309003986e+00       1.345397393744e+00 
       5.166922519639e+00       1.268698596269e+00 
       5.287275606004e+00       1.196301660422e+00 
       5.410432075881e+00       1.127925672329e+00 
       5.536457228460e+00       1.063415438806e+00 
       5.665417883945e+00       1.002544350591e+00 
       5.797382418983e+00       9.451030544243e-01 
       5.932420802917e+00       8.908981484604e-01 
       6.070604634886e+00       8.397759373619e-01 
       6.212007181785e+00       7.915325690805e-01 
       6.356703417119e+00       7.460237670404e-01 
       6.504770060745e+00       7.030874184689e-01 
       6.656285619558e+00       6.625988124424e-01 
       6.811330429113e+00       6.244118323228e-01 
       6.969986696220e+00       5.883886021589e-01 
       7.132338542532e+00       5.543893756993e-01 
       7.298472049147e+00       5.223839235374e-01 
       7.468475302249e+00       4.921760831047e-01 
       7.642438439813e+00       4.636902766137e-01 
       7.820453699398e+00       4.368323332299e-01 
       8.002615467050e+00       4.115020102608e-01 
       8.189020327349e+00       3.876326966325e-01 
       8.379767114621e+00       3.651280439034e-01 
       8.574956965337e+00       3.439048276845e-01 
       8.774693371738e+00       3.239092781602e-01 
       8.979082236712e+00       3.050575076274e-01 
       9.188231929940e+00       2.872991484349e-01 
       9.402253345358e+00       2.705549208717e-01 
       9.621259959953e+00       2.547743219591e-01 
       9.845367893931e+00       2.399022694611e-01 
       1.007469597229e+01       2.258900409550e-01 
       1.030936578780e+01       2.126855182394e-01 
       1.054950176551e+01       2.002446308969e-01 
       1.079523122870e+01       1.885246456423e-01 
       1.104668446638e+01       1.774873029834e-01 
       1.130399480239e+01       1.670824074193e-01 
       1.156729866606e+01       1.572785331439e-01 
       1.183673566460e+01       1.480473917626e-01 
       1.211244865706e+01       1.393523409624e-01 
       1.239458383013e+01       1.311619162332e-01 
       1.268329077561e+01       1.234477213014e-01 
       1.297872256974e+01       1.161833587162e-01 
       1.328103585437e+01       1.093419190036e-01 
       1.359039092001e+01       1.028961491036e-01 
       1.390695179080e+01       9.682888750799e-02 
       1.423088631151e+01       9.111747170106e-02 
       1.456236623652e+01       8.573742385397e-02 
       1.490156732085e+01       8.067111944273e-02 
       1.524866941343e+01       7.590264982365e-02 
       1.560385655237e+01       7.141145602308e-02 
       1.596731706259e+01       6.718494821151e-02 
       1.633924365567e+01       6.320577031741e-02 
       1.671983353202e+01       5.945960875197e-02 
       1.710928848542e+01       5.593415039617e-02 
       1.750781501004e+01       5.261503735516e-02 
       1.791562440992e+01       4.949131163834e-02 
       1.833293291100e+01       4.655145266578e-02 
       1.875996177578e+01       4.378442330686e-02 
       1.919693742061e+01       4.118108923460e-02 
       1.964409153577e+01       3.872947790199e-02 
       2.010166120827e+01       3.642315284279e-02 
       2.056988904763e+01       3.425353435236e-02 
       2.104902331443e+01       3.221149382130e-02 
       2.153931805201e+01       3.028963484111e-02 
       2.204103322113e+01       2.848206237100e-02 
       2.255443483781e+01       2.678158726670e-02 
       2.307979511438e+01       2.518101420793e-02 
       2.361739260382e+01       2.367605102584e-02 
       2.416751234743e+01       2.225925515208e-02 
       2.473044602599e+01       2.092739962926e-02 
       2.530649211437e+01       1.967393382363e-02 
       2.589595603984e+01       1.849530140957e-02 
       2.649915034398e+01       1.738670650915e-02 
       2.711639484839e+01       1.634319099160e-02 
       2.774801682427e+01       1.536256592486e-02 
       2.839435116597e+01       1.444006144825e-02 
       2.905574056850e+01       1.357254873936e-02 
       2.973253570927e+01       1.275664839815e-02 
       3.042509543403e+01       1.198939529875e-02 
       3.113378694712e+01       1.126756738243e-02 
       3.185898600615e+01       1.058927207461e-02 
       3.260107712126e+01       9.951289710600e-03 
       3.336045375899e+01       9.351550615076e-03 
       3.413751855088e+01       8.787495505784e-03 
       3.493268350697e+01       8.257196940305e-03 
       3.574637023425e+01       7.758543122122e-03 
       3.657901016018e+01       7.289833471557e-03 
       3.743104476148e+01       6.849247505641e-03 
       3.830292579817e+01       6.434978086837e-03 
       3.919511555311e+01       6.045522135695e-03 
       4.010808707713e+01       5.679539095228e-03 
       4.104232443982e+01       5.335526838552e-03 
       4.199832298618e+01       5.012071628027e-03 
       4.297658959930e+01       4.708159577503e-03 
       4.397764296909e+01       4.422472640998e-03 
       4.500201386729e+01       4.153848127783e-03 
       4.605024542892e+01       3.901564444989e-03 
       4.712289344023e+01       3.664376475977e-03 
       4.822052663338e+01       3.441564233539e-03 
       4.934372698802e+01       3.232106198081e-03 
       5.049309003986e+01       3.035284503746e-03 
       5.166922519639e+01       2.850371686058e-03 
       5.287275606004e+01       2.676616967057e-03 
       5.410432075881e+01       2.513320282862e-03 
       5.536457228460e+01       2.359905701069e-03 
       5.665417883945e+01       2.215771277824e-03 
       5.797382418983e+01       2.080347431825e-03 
       5.932420802917e+01       1.953138253101e-03 
       6.070604634886e+01       1.833626671322e-03 
       6.212007181785e+01       1.721344399787e-03 
       6.356703417119e+01       1.615863395478e-03 
       6.504770060745e+01       1.516788624618e-03 
       6.656285619558e+01       1.423724314917e-03 
       6.811330429113e+01       1.336304952236e-03 
       6.969986696220e+01       1.254207669306e-03 
       7.132338542532e+01       1.177080037685e-03 
       7.298472049146e+01       1.104653666026e-03 
       7.468475302249e+01       1.036634394423e-03 
       7.642438439813e+01       9.727435635246e-04 
       7.820453699398e+01       9.127531565871e-04 
       8.002615467050e+01       8.564054721584e-04 
       8.189020327349e+01       8.035177623238e-04 
       8.379767114621e+01       7.538425537404e-04 
       8.574956965337e+01       7.071943343382e-04 
       8.774693371738e+01       6.633964047657e-04 
       8.979082236712e+01       6.222729963606e-04 
       9.188231929940e+01       5.836668445576e-04 
       9.402253345358e+01       5.474176929381e-04 
       9.621259959953e+01       5.133926257589e-04 
       9.845367893931e+01       4.814458534042e-04 
       1.007469597229e+02       4.514584774143e-04 
       1.030936578780e+02       4.233121100503e-04 
       1.054950176551e+02       3.968857435412e-04 
       1.079523122870e+02       3.720862231267e-04 
       1.104668446638e+02       3.488105262001e-04 
       1.130399480239e+02       3.269636724646e-04 
       1.156729866606e+02       3.064589325762e-04 
       1.183673566460e+02       2.872235295184e-04 
       1.211244865706e+02       2.691637812597e-04 
       1.239458383013e+02       2.522219009026e-04 
       1.268329077561e+02       2.363267034383e-04 
       1.297872256974e+02       2.214089538951e-04 
       1.328103585437e+02       2.074188702127e-04 
       1.359039092001e+02       1.942839777783e-04 
       1.390695179080e+02       1.819676975536e-04 
       1.423088631151e+02       1.704138924422e-04 
       1.456236623652e+02       1.595743363646e-04 
       1.490156732085e+02       1.494067017001e-04 
       1.524866941343e+02       1.398717013355e-04 
       1.560385655237e+02       1.309307079723e-04 
       1.596731706259e+02       1.225453593545e-04 
       1.633924365567e+02       1.146805896135e-04 
       1.671983353202e+02       1.073086685869e-04 
       1.710928848542e+02       1.003976223795e-04 
       1.750781501004e+02       9.391675811678e-05 
       1.791562440992e+02       8.784125919155e-05 
       1.833293291100e+02       8.214313422246e-05 
       1.875996177578e+02       7.680350862020e-05 
       1.919693742061e+02       7.180246345113e-05 
       1.964409153577e+02       6.711379345593e-05 
       2.010166120827e+02       6.272298134321e-05 
       2.056988904763e+02       5.860523955552e-05 
       2.104902331443e+02       5.474936576339e-05 
       2.153931805201e+02       5.113758577826e-05 
       2.204103322113e+02       4.775505886175e-05 
       2.255443483781e+02       4.458716339339e-05 
       2.307979511438e+02       4.162038668428e-05 
       2.361739260382e+02       3.884215009078e-05 
       2.416751234743e+02       3.624228186464e-05 
       2.473044602599e+02       3.380833031535e-05 
       2.530649211437e+02       3.153023525468e-05 
       2.589595603984e+02       2.939880677241e-05 
       2.649915034398e+02       2.740429584297e-05 
       2.711639484839e+02       2.553908982459e-05 
       2.774801682427e+02       2.379523607846e-05 
       2.839435116597e+02       2.216453342522e-05 
       2.905574056849e+02       2.063898452277e-05 
       2.973253570927e+02       1.921311169168e-05 
       3.042509543403e+02       1.788126698641e-05 
       3.113378694712e+02       1.663712742490e-05 
       3.185898600615e+02       1.547468529324e-05 
       3.260107712126e+02       1.438914291805e-05 
       3.336045375899e+02       1.337582278950e-05 
       3.413751855088e+02       1.242990241701e-05 
       3.493268350697e+02       1.154720175338e-05 
       3.574637023425e+02       1.072378054115e-05 
       3.657901016018e+02       9.956074341381e-06 
       3.743104476148e+02       9.240388132602e-06 
       3.830292579817e+02       8.573145861226e-06 
       3.919511555311e+02       7.951900032132e-06 
       4.010808707713e+02       7.373302858453e-06 
       4.104232443982e+02       6.834563684136e-06 
       4.199832298618e+02       6.333052510732e-06 
       4.297658959930e+02       5.866435611342e-06 
       4.397764296909e+02       5.432672981128e-06 
       4.500201386729e+02       5.029318795993e-06 
       4.605024542892e+02       4.654549140687e-06 
       4.712289344023e+02       4.306470185968e-06 
       4.822052663338e+02       3.983207739864e-06 
       4.934372698802e+02       3.683251889247e-06 
       5.049309003986e+02       3.404864694633e-06 
