# EGRB at HEAO1, COMPTEL, EGRET and Fermi-LAT (Fig. 1 of [arXiv:1906.04750])

nb_lines = 91

         E(GeV) flux(GeV^-1.cm^-2.s^-1.sr^-1)
    3.36293e-06    1.50468e+06
    3.90484e-06    1.23132e+06
    4.45507e-06    1.03989e+06
    5.03837e-06    8.46270e+05
    5.54977e-06    7.39336e+05
    6.16703e-06    6.27767e+05
    6.67463e-06    5.49749e+05
    7.27712e-06    5.03500e+05
    7.83007e-06    4.71551e+05
    8.42505e-06    4.11441e+05
    8.84661e-06    3.90541e+05
    9.51883e-06    3.44222e+05
    1.00672e-05    3.05318e+05
    1.05950e-05    2.81952e+05
    1.11694e-05    2.65419e+05
    1.17150e-05    2.54207e+05
    1.22873e-05    2.36690e+05
    1.28436e-05    2.16172e+05
    1.34252e-05    1.91393e+05
    1.39854e-05    1.87800e+05
    1.48444e-05    1.72802e+05
    1.60270e-05    1.43001e+05
    1.68098e-05    1.43391e+05
    1.76310e-05    1.23538e+05
    1.90355e-05    1.14212e+05
    2.10837e-05    8.88626e+04
    2.14824e-05    8.91709e+04
    2.38345e-05    7.24908e+04
    2.60418e-05    5.97453e+04
    2.61753e-05    6.31043e+04
    2.87949e-05    5.15593e+04
    3.09303e-05    4.35341e+04
    3.29984e-05    3.67145e+04
    3.78156e-05    2.90628e+04
    4.04817e-05    2.44470e+04
    4.26040e-05    2.28647e+04
    4.79989e-05    1.64463e+04
    5.50058e-05    1.13051e+04
    6.32508e-05    7.72914e+03
    7.37294e-05    4.97452e+03
    8.39188e-05    3.55555e+03
    9.76550e-05    2.38705e+03
    1.19394e-04    1.60144e+03
    1.50516e-04    8.68861e+02
    1.97333e-04    4.83853e+02
    2.73669e-04    1.69685e+02
    1.02828e-03    5.82358e+00
    2.17598e-03    1.05762e+00
    3.34710e-03    2.01842e-01
    5.06707e-03    7.04945e-02
    6.97084e-03    4.50783e-02
    1.00599e-02    2.11345e-02
    1.40620e-02    1.27819e-02
    2.14585e-02    5.57694e-03
    3.88386e-02    8.37450e-04
    5.93754e-02    5.23220e-04
    8.41454e-02    2.16510e-04
    1.18912e-01    6.68841e-05
    1.21992e-01    9.04755e-05
    1.68167e-01    2.90273e-05
    2.13760e-01    2.57722e-05
    2.37823e-01    1.27657e-05
    3.36333e-01    5.67406e-06
    3.91987e-01    5.89997e-06
    4.75689e-01    2.70730e-06
    6.72726e-01    1.38967e-06
    7.18817e-01    1.47372e-06
    9.51378e-01    5.82981e-07
    1.34545e+00    2.28126e-07
    1.42195e+00    3.21077e-07
    1.90271e+00    9.09914e-08
    2.69084e+00    4.19503e-08
    2.85582e+00    1.17475e-07
    3.80547e+00    1.75783e-08
    5.38175e+00    7.79408e-09
    6.32956e+00    1.94980e-08
    7.61094e+00    3.61411e-09
    1.07635e+01    2.03228e-09
    1.42429e+01    3.36067e-09
    1.52218e+01    7.61802e-10
    2.15269e+01    3.53290e-10
    3.04437e+01    1.46267e-10
    4.30539e+01    7.00849e-11
    6.08874e+01    2.98995e-11
    8.61078e+01    1.20231e-11
    1.21775e+02    3.64489e-12
    1.72216e+02    1.63225e-12
    2.43550e+02    5.55930e-13
    3.44431e+02    2.66485e-13
    4.87099e+02    4.32036e-14
    6.88862e+02    1.75295e-16
