         a/fits             a1             b1             a2             b2             c2             d2             e2
   0.00000e+000   1.93140e+000  -7.20334e-001  -5.13508e+000   7.47372e-001  -9.29121e-003  -3.24906e-002   5.45691e+000
   1.00000e-003   1.93139e+000  -7.20351e-001  -5.13503e+000   7.47303e-001  -9.29346e-003  -3.24888e-002   5.45682e+000
   1.93070e-003   1.93138e+000  -7.20364e-001  -5.13489e+000   7.47106e-001  -9.29055e-003  -3.24758e-002   5.45682e+000
   3.72759e-003   1.93138e+000  -7.20369e-001  -5.13434e+000   7.46375e-001  -9.28148e-003  -3.24270e-002   5.45676e+000
   7.19686e-003   1.93136e+000  -7.20398e-001  -5.13231e+000   7.43664e-001  -9.24995e-003  -3.22472e-002   5.45652e+000
   1.38950e-002   1.93127e+000  -7.20535e-001  -5.12481e+000   7.33697e-001  -9.13316e-003  -3.15913e-002   5.45558e+000
   2.68270e-002   1.93073e+000  -7.21335e-001  -5.09781e+000   6.98276e-001  -8.72811e-003  -2.93384e-002   5.45172e+000
   5.17947e-002   1.86802e+000  -8.17087e-001  -5.00801e+000   5.85339e-001  -7.43153e-003  -2.29201e-002   5.43636e+000
   1.00000e-001   1.86370e+000  -8.10508e-001  -4.75842e+000   3.06697e-001  -2.80170e-003  -1.16022e-002   5.44998e+000
   1.36364e-001   1.92117e+000  -7.12376e-001  -4.53772e+000   9.69412e-002   3.37663e-003  -5.54216e-003   5.80878e+000
   1.72727e-001   1.97839e+000  -6.20483e-001  -4.31620e+000  -8.49200e-002   5.28309e-003   3.92983e-004   6.12793e+000
   2.09091e-001   2.00247e+000  -6.09279e-001  -4.10008e+000  -2.38793e-001   4.49481e-003   2.57699e-003   6.11711e+000
   2.45455e-001   2.00040e+000  -6.27303e-001  -3.89055e+000  -3.70460e-001   7.83054e-003  -4.63843e-004   5.52465e+000
   2.81818e-001   1.99961e+000  -6.44955e-001  -3.68546e+000  -4.89850e-001   8.84599e-003   2.61254e-004   5.47983e+000
   3.18182e-001   2.00096e+000  -6.44523e-001  -3.48446e+000  -6.01064e-001  -1.67790e-003   1.01827e-002   6.66569e+000
   3.54545e-001   2.00389e+000  -6.92652e-001  -3.29005e+000  -7.00808e-001  -1.31502e-003   1.24296e-002   6.51297e+000
   3.90909e-001   2.00845e+000  -6.91121e-001  -3.10412e+000  -7.86303e-001  -5.84633e-004   1.06779e-002   6.37595e+000
   4.27273e-001   2.01412e+000  -7.21608e-001  -2.92446e+000  -8.63301e-001   7.55140e-003   9.26357e-003   5.73354e+000
   4.63636e-001   2.02113e+000  -7.51749e-001  -2.74514e+000  -9.45345e-001   3.71630e-003   1.01051e-002   5.72905e+000
   5.00000e-001   2.02948e+000  -7.37364e-001  -2.56548e+000  -1.03425e+000   1.78256e-002  -1.35400e-002   8.69960e+000
   5.36364e-001   2.03875e+000  -7.53935e-001  -2.39259e+000  -1.11455e+000   2.40002e-002  -1.43854e-002   8.52989e+000
   5.72727e-001   2.04872e+000  -7.85122e-001  -2.23004e+000  -1.17818e+000   2.19439e-002  -1.71348e-002   8.18376e+000
   6.09091e-001   2.05972e+000  -8.03308e-001  -2.06787e+000  -1.24677e+000   2.71848e-002  -2.50959e-002   7.89591e+000
   6.45455e-001   2.07062e+000  -8.36850e-001  -1.89786e+000  -1.33853e+000   2.29282e-002  -3.14729e-002   7.57133e+000
   6.81818e-001   2.08150e+000  -8.71919e-001  -1.72991e+000  -1.43105e+000   5.22957e-002   6.04119e-002   8.84000e+000
   7.18182e-001   2.09133e+000  -8.96432e-001  -1.57874e+000  -1.49074e+000   6.67661e-002   4.98918e-002   8.48859e+000
   7.54545e-001   2.09897e+000  -9.24040e-001  -1.42450e+000  -1.55834e+000   8.55567e-002   3.23451e-002   8.10700e+000
   7.90909e-001   2.10262e+000  -9.66981e-001  -1.25203e+000  -1.66210e+000   1.11470e-001   2.35326e-002   7.56269e+000
   8.27273e-001   2.09895e+000  -1.01246e+000  -1.07499e+000  -1.82051e+000  -3.21787e-001  -1.03958e-001   9.35829e+000
   8.63636e-001   2.15910e+000  -7.04985e-001  -8.86084e-001  -2.03446e+000  -4.26744e-001  -1.52593e-001   8.97919e+000
   9.00000e-001   2.14070e+000  -7.81976e-001  -6.98450e-001  -2.34195e+000  -5.01525e-001  -3.18802e-001   8.66011e+000
   9.30481e-001   2.11783e+000  -8.47138e-001  -6.49468e-001  -2.36428e+000  -6.77688e-001  -2.50888e-001   8.25380e+000
   9.51671e-001   2.09395e+000  -1.43851e+000  -5.92698e-001  -2.41166e+000  -7.43612e-001  -1.80340e-001   7.96574e+000
   9.66402e-001   2.07421e+000  -9.17207e-001  -5.77989e-001  -2.39498e+000  -7.46469e-001   5.40338e-002   7.62331e+000
   9.76643e-001   2.06626e+000  -9.09684e-001  -5.10870e-001  -2.51596e+000  -7.05440e-001   1.39507e-001   7.41193e+000
   9.83762e-001   2.07627e+000  -8.74528e-001  -4.54975e-001  -2.63263e+000  -6.30591e-001   2.15231e-001   7.22305e+000
   9.88712e-001   2.09831e+000  -8.34484e-001  -4.07280e-001  -2.75139e+000  -4.67373e-001   3.14095e-001   7.01155e+000
   9.92152e-001   2.11133e+000  -8.24765e-001  -3.92866e-001  -2.75979e+000  -3.73236e-001   3.94314e-001   6.83705e+000
   9.94544e-001   2.10235e+000  -8.52345e-001  -4.01013e-001  -2.74873e+000  -3.54900e-001   3.31609e-001   6.83087e+000
   9.96207e-001   2.08316e+000  -8.84012e-001  -3.96523e-001  -2.76338e+000  -2.98038e-001   3.11905e-001   6.77749e+000
   9.97363e-001   2.07910e+000  -8.81086e-001  -3.47640e-001  -2.86804e+000  -1.15393e-001   4.29596e-001   6.52447e+000
   9.98167e-001   2.09538e+000  -8.50836e-001  -3.38120e-001  -2.90710e+000  -6.83905e-002   4.18156e-001   6.49518e+000
   9.98726e-001   2.10257e+000  -8.45602e-001  -3.70669e-001  -2.81383e+000  -2.17407e-001   3.45928e-001   6.63576e+000
   9.99114e-001   2.08877e+000  -8.71318e-001  -3.61390e-001  -2.84733e+000  -1.65990e-001   3.55223e-001   6.59525e+000
   9.99384e-001   2.08312e+000  -8.75723e-001  -3.53278e-001  -2.84987e+000  -1.45223e-001   3.62962e-001   6.53662e+000
   9.99572e-001   2.09589e+000  -8.53360e-001  -3.16541e-001  -2.90961e+000  -5.20073e-003   4.06016e-001   6.32192e+000
   9.99702e-001   2.09738e+000  -8.54806e-001  -2.89499e-001  -2.97294e+000   1.02653e-001   4.09353e-001   6.20814e+000
   9.99793e-001   2.08612e+000  -8.73164e-001  -2.74423e-001  -2.99786e+000   9.91041e-002  -1.60841e-001   8.48458e+000
   9.99856e-001   2.08851e+000  -8.66502e-001  -3.14318e-001  -2.92341e+000   1.39980e-002   3.99065e-001   6.31342e+000
   9.99900e-001   2.08851e+000  -8.66502e-001  -3.14318e-001  -2.92341e+000   1.39980e-002   3.99065e-001   6.31342e+000
